94.46152750651042,52.14594236550199,0.537712949241473,89.0,82.0,2354.0,-0.2334622684614054_0
92.86332194010417,55.92731896350102,0.487944270305194,88.0,8.0,2347.0,-0.4472593065666457_1
93.43207126193576,65.36847844842528,0.5635973890904451,82.0,8.0,3096.0,-0.7154758744207657_2
114.27792019314236,60.6825367806247,0.16102802273945072,110.0,105.0,2362.0,-0.8835380114475457_3
94.30730523003473,73.24977913298567,0.6977526002426409,69.0,225.0,3568.0,-0.954754629959417_4
104.90968831380208,61.59060389645961,0.44273979611537184,97.0,87.0,2113.0,-0.6631080465188903_5
73.3902825249566,53.82368651672406,0.9749964996848585,61.0,8.0,3412.0,0.39756541852215443_6
90.56852552625868,68.34774209471294,0.7987024245054876,71.0,228.0,6720.0,-0.5673495636355419_7
83.13908216688368,55.119278307395035,1.0280800677452826,72.0,228.0,3060.0,0.6032038852135053_8
87.55874633789062,57.48827333798585,0.7417172124370929,82.0,19.0,2532.0,-0.0850910623843717_9
119.01484849717882,64.81551442385425,0.12348845881035694,113.0,213.0,1895.0,-1.1683394149864816_10
108.14263916015625,61.13339034330119,0.43346470849438684,99.0,228.0,3430.0,-0.7675690444069603_11
85.0743645562066,65.32500192137117,0.753551376670239,68.0,12.0,3417.0,-0.5891480794259474_12
82.16802978515625,60.63413832130374,0.7942644901702456,70.0,20.0,3158.0,-0.25208839604355804_13
113.09513685438368,55.56872335304091,0.11009442925087773,107.0,83.0,2175.0,-0.9449881172081276_14
99.96863810221355,73.13101156934412,0.3913852523132425,84.0,16.0,3440.0,-1.2019596778681816_15
72.39706759982639,50.749845236524976,0.7774246456480928,67.0,10.0,5801.0,0.1608942307921799_16
73.66337754991319,61.032734469811814,1.1553428258676388,53.0,7.0,6457.0,0.37956257694964535_17
71.9581298828125,67.75660035881438,0.9821446777528526,45.0,12.0,13735.0,-0.23822061075919265_18
99.80151028103299,55.456658808077016,0.6705236225859247,90.0,80.0,2639.0,-0.18662496782167404_19
89.55967203776042,57.75581662730579,0.39351345028717816,85.0,8.0,3863.0,-0.77128670963608_20
102.10757785373264,64.56028898832331,0.33399994900351654,95.0,9.0,2870.0,-1.0011377073303418_21
102.2332051595052,60.93486829684815,0.4076381372670107,94.0,23.0,2248.0,-0.8246694281427454_22
110.47662353515625,69.96613136300334,0.2781389121108963,101.0,226.0,3648.0,-1.2050789788803293_23
82.52803209092882,68.42806722917535,0.5315410688367965,67.0,8.0,15167.0,-1.0361760791687498_24
107.58993869357639,60.31246982230225,0.34658354048115186,101.0,228.0,2622.0,-0.7832949825449687_25
100.80889892578125,67.29584368298585,0.40739795609313983,88.0,8.0,3897.0,-1.0579034192380996_26
93.7563239203559,57.68878842345888,0.4863070245883885,88.0,7.0,3890.0,-0.4426005511193063_27
108.08546617296007,70.23475936760224,0.36917795531022324,96.0,225.0,9907.0,-1.0294005827431367_28
82.98568725585938,61.9940600153989,0.7436503245914726,73.0,8.0,6496.0,-0.34826807800357207_29
78.67799546983507,46.72702658608035,0.8765641867033448,71.0,53.0,2834.0,0.6925022622023351_30
97.59427558051215,62.26654388110766,0.482362939028809,87.0,49.0,1943.0,-0.7737288969689584_31
75.5924072265625,59.69556850024329,0.9490388641529678,60.0,10.0,5042.0,0.01302133573051556_32
111.268798828125,50.97711398765441,0.23438622808253365,107.0,99.0,3020.0,-0.19271818768025728_33
131.01011827256946,61.24241965118708,-0.14513666941564515,134.0,224.0,1858.0,-1.0395594076412298_34
85.08647325303819,62.97671828781086,0.6237634354003275,73.0,9.0,3911.0,-0.6953116498479934_35
78.97826131184895,60.34245289351904,0.9062221797966782,62.0,13.0,3586.0,-0.09466713256938952_36
84.78882514105902,62.19431044037183,0.7376675709707093,71.0,16.0,3684.0,-0.469604146817332_37
70.71421305338542,57.34879252188558,1.062683630543956,57.0,8.0,8551.0,0.4590321652999769_38
115.077880859375,79.50912811811605,0.12909248932860462,103.0,214.0,3894.0,-1.5734138158480457_39
88.32214694552951,71.67088798521166,0.7819107015706822,63.0,15.0,4487.0,-0.7828291524075603_40
102.76151529947917,75.97613692607091,0.41271764708150793,80.0,13.0,3362.0,-1.3530259276780203_41
72.21977064344618,54.54048626801845,0.9579854573849798,59.0,8.0,4644.0,0.29318248592381924_42
122.24873182508681,79.06899506453344,0.028639650075663256,117.0,223.0,5725.0,-1.5881653395440005_43
87.69201321072049,82.6214811414645,0.6671252775983931,50.0,10.0,11255.0,-1.245877929376734_44
58.79612901475694,53.282734343533335,1.341921470040039,42.0,8.0,10427.0,1.351484927283991_45
53.19946967230903,51.31152151168995,1.5774284472749285,35.0,8.0,16441.0,2.053985938408583_46
111.74733140733507,65.93629904345386,0.22734512003828977,105.0,23.0,1718.0,-1.10878473709536_47
71.17558119032118,53.09850695201057,1.0338810322233651,57.0,17.0,3646.0,0.47154498256041943_48
89.71646796332465,61.928717456517866,0.6866112325044111,72.0,41.0,2840.0,-0.6049501063154468_49
98.57697211371527,69.1764161308571,0.5325921518852915,84.0,17.0,2798.0,-0.9119619981602747_50
83.90109592013889,61.30178151824174,0.7459332085998672,69.0,21.0,2970.0,-0.43398175838105146_51
115.06501600477431,61.732886297067736,0.15863245294556616,109.0,85.0,1787.0,-1.0463383906420682_52
109.20347425672743,58.21136969477173,0.2958591834501561,104.0,228.0,3715.0,-0.747151288260016_53
100.17364162868924,72.72231275913072,0.4868876483972055,84.0,226.0,3468.0,-1.0791451562306331_54
84.24442206488715,66.36358362593822,0.7782230159792848,63.0,21.0,4184.0,-0.6522130740880843_55
86.77429877387152,61.73932912435304,0.7408106388371674,73.0,14.0,2542.0,-0.3787667139488873_56
69.44857109917535,63.29918437933457,0.9949968789153729,48.0,8.0,26366.0,-0.06461467898624251_57
84.02971055772569,58.06395628964912,0.670290109938245,72.0,20.0,3084.0,-0.47867208142134876_58
86.76773410373264,64.00745449761588,0.7114444394279508,72.0,24.0,3197.0,-0.5703383187930111_59
87.91465250651042,60.33331028507105,0.7737675897894273,75.0,21.0,2534.0,-0.31998031902815915_60
98.6087883843316,57.46465596628923,0.3584220436197416,93.0,67.0,1984.0,-0.6951084269273151_61
81.36179606119792,61.65070129704792,1.115376233737803,67.0,228.0,7821.0,0.4151057274109342_62
110.59474351671007,78.72729558383325,0.09561550553404499,105.0,0.0,8098.0,-1.442017836154716_63
98.29251098632812,67.60097492073704,0.5202951267734183,84.0,19.0,2890.0,-0.9376927174974905_64
61.92644585503472,69.35811036468488,1.3319652378668212,32.0,4.0,13388.0,0.5462813651896594_65
78.2394036187066,59.89152448230622,0.6254063592145779,69.0,10.0,10595.0,-0.5687396083935194_66
82.79622056749132,55.58819673085816,0.5656431949921726,77.0,8.0,3365.0,-0.43604010309749075_67
90.15399169921875,60.88721267480915,0.4470832577308648,85.0,15.0,3598.0,-0.7901632686649771_68
59.013278537326386,59.73216150818219,1.3686244702403505,32.0,13.0,9871.0,0.9144948328041957_69
96.62202284071181,46.54773907317463,0.6569434355846848,91.0,82.0,3202.0,0.3805941129522319_70
115.85926988389757,55.207361192981125,0.07995739911766256,114.0,106.0,2170.0,-0.7331647934724597_71
93.62551540798611,62.22181678305315,0.44558710974872034,86.0,7.0,3435.0,-0.800168170990446_72
172.276119656033,60.282855428592406,-1.253949474092737,196.0,225.0,8717.0,0.4476196496999676_73
78.62890285915799,48.432116487826555,0.5341759359578861,78.0,9.0,5242.0,0.09980324549133268_74
99.81602308485243,60.01301583192382,0.45983073362872573,92.0,27.0,1995.0,-0.6923951087733125_75
85.21095784505208,66.06608621291946,0.8232459377728142,65.0,19.0,3322.0,-0.47595469159037584_76
105.12844848632812,59.88454703568974,0.3277230578980128,99.0,41.0,1881.0,-0.8982439478109052_77
66.71626451280382,53.70521039118026,0.9782650977727416,52.0,10.0,6222.0,0.29809717470565467_78
188.38318549262152,47.9635841459049,-2.101722675207136,205.0,225.0,9652.0,4.204434873631024_79
96.5648193359375,65.99616923697155,0.5595437816832675,82.0,0.0,2216.0,-0.7916163993796612_80
73.06352403428819,63.2547345624739,1.0453161891849538,52.0,9.0,6467.0,0.07737915583875843_81
74.51930745442708,58.43889270378811,0.976283111173118,59.0,14.0,3812.0,0.11730811709730249_82
72.34847683376736,59.13630775777502,1.0291593645349248,54.0,9.0,7209.0,0.21793234726083677_83
83.9341803656684,64.75057278465485,0.6945322172525147,68.0,16.0,4396.0,-0.6275187002229798_84
68.85708279079861,55.2896574014307,1.2093650094652042,54.0,7.0,4485.0,0.8707253637398287_85
127.11426120334201,61.270153918007324,-0.05225322240315277,127.0,228.0,3635.0,-1.0018787985140554_86
76.47587415907118,58.85569631656176,0.8836160255010717,64.0,2.0,5018.0,0.11039743094711962_87
95.01590304904514,52.0618775277178,0.25375564677620016,96.0,110.0,2565.0,-0.5627008549860988_88
73.51590643988715,56.26140670244522,1.0655351040680459,58.0,23.0,3365.0,0.4220011262020633_89
87.52213202582465,65.72178486204845,0.6653301006858742,72.0,0.0,2932.0,-0.6240168464358216_90
92.4742431640625,63.317660734256485,0.5965300174362623,84.0,21.0,2838.0,-0.5907406572599267_91
99.11685858832465,51.00790289863482,0.639895407301783,91.0,71.0,3167.0,-0.046170047857058805_92
100.13209703233507,66.14157356116047,0.41084549224956723,89.0,25.0,2773.0,-1.0433860235333474_93
105.45983208550348,61.25249755115587,0.4863729370438816,97.0,226.0,2137.0,-0.6577198022259987_94
100.85868326822917,79.41612591946938,0.33258339994934816,73.0,9.0,6139.0,-1.5329573734763078_95
116.97431098090277,64.66505176795594,0.24453443940207992,106.0,224.0,2116.0,-1.1527557528735433_96
99.10044352213542,48.69878044375104,0.3729550882524867,98.0,114.0,2563.0,-0.11883764660167007_97
105.44126383463542,45.78794689106595,0.45261754563640494,101.0,98.0,2956.0,0.08644954576307651_98
81.11139594184027,55.56382887135855,0.8297841883330352,71.0,7.0,3444.0,0.034276348159429926_99
104.25748019748264,62.06926827060575,0.34245501886580754,99.0,99.0,2480.0,-0.6640549908807771_100
160.14782036675348,55.76392376268018,-1.2118419585471096,178.0,208.0,4033.0,0.7105432153276707_101
129.9971923828125,45.04039895729985,-0.7566680905473759,140.0,150.0,4032.0,0.33724122781439814_102
109.33084106445312,55.50667189529662,-0.298572235426014,120.0,4.0,4426.0,-0.8832007776316395_103
142.65240478515625,49.00723323985687,-0.8285558571823901,152.0,170.0,2982.0,0.23821936155101753_104
80.32622951931424,56.34397275427164,0.5794089192682871,69.0,21.0,4150.0,-0.6453900460092257_105
136.94219631618924,61.010801922179986,-0.6225507211709095,156.0,191.0,3692.0,-0.795526679464511_106
124.18576388888889,58.29420723018106,-0.4658770670632628,138.0,169.0,3275.0,-0.8866864514092887_107
117.41791449652777,42.00155349660421,-0.3431112492191712,121.0,134.0,3403.0,0.4592836447891755_108
84.3379618326823,64.57659120034424,0.23641624469622213,81.0,3.0,8139.0,-1.22714041704818_109
79.81681315104167,49.80047264006492,0.5487927642431855,73.0,71.0,5276.0,0.04862379584946419_110
87.0608893500434,60.6188673026714,0.45301355348603783,78.0,4.0,4904.0,-0.7468805836631978_111
104.72509426540799,63.40985917215296,0.17591156851716977,95.0,4.0,7618.0,-1.0429579766005967_112
109.06015014648438,48.24197895523102,-0.22573970124694173,115.0,128.0,3384.0,-0.33836407391236234_113
81.6822001139323,65.84437183510018,0.8609408486464363,63.0,0.0,5472.0,-0.3182544855393692_114
106.78356594509549,64.86646873992042,-0.0171941301043453,112.0,0.0,4253.0,-1.2728462882327611_115
88.0151875813802,51.43014707339267,0.7630816760034479,81.0,81.0,4155.0,0.5244020185013261_116
148.30482313368054,53.948745503958875,-0.8988120683407816,159.0,163.0,3473.0,0.2568893253912763_117
123.00069512261285,53.31518986310138,0.027264140105308757,121.0,80.0,2524.0,-1.0577643604972482_118
116.88715955946181,65.9511571131649,-0.31151925014667087,131.0,0.0,3684.0,-1.3053818041144045_119
124.20674641927083,45.41447742124304,-0.5160022524387786,128.0,158.0,4068.0,0.11435413103823677_120
89.03541734483507,53.66360424033895,0.9698508579603841,77.0,42.0,4208.0,0.21773522097205156_121
105.47296481662326,57.55208081307978,0.11063260272754116,104.0,101.0,3512.0,-0.9085210674610176_122
149.57645331488715,40.74067616507084,-1.3161585419171942,160.0,173.0,4977.0,1.478874886049982_123
118.79530164930556,62.73215576455702,0.21528208831175485,112.0,217.0,5561.0,-0.9074847558032593_124
112.85953776041667,48.750725095469896,0.1918404120051108,105.0,99.0,4530.0,-0.45842551162605494_125
140.29749552408853,53.266782189967444,-0.15507416473578522,142.0,218.0,6065.0,-1.1595768545856409_126
129.39063178168402,39.22552087298929,-0.5910300630364109,134.0,153.0,3949.0,0.3770210211502265_127
116.92203436957465,61.5095887283823,-0.4101198281702894,126.0,0.0,4822.0,-1.0364734563790903_128
96.55729166666667,47.96362042221246,0.8901752601017605,88.0,78.0,5227.0,0.8015800485640017_129
140.606197781033,51.03284242890799,-0.6701871385959219,149.0,147.0,3322.0,-0.23233847679785358_130
146.89193386501736,48.756670075303525,-1.1777215241932277,153.5,149.0,4241.0,1.2462193767525243_131
105.46353827582465,54.02627206723788,0.23308960934589273,99.0,81.0,2261.0,-0.7851522734064029_132
86.26755777994792,58.28616629424661,0.6101295128528514,73.0,14.0,3633.0,-0.5336369804752676_133
108.56496853298611,47.5233029034969,-0.025225163545007017,107.0,94.0,2599.0,-0.5557927116307639_134
83.962158203125,51.068865909000586,0.4133663716760305,82.0,4.0,5547.0,-0.3541453634041143_135
110.21359592013889,48.72697186245926,-0.06715634048119215,108.0,117.0,2758.0,-0.832179198916704_136
118.3733147515191,41.92632944911446,-0.7994243340164099,129.0,140.0,5807.0,0.3879185214289982_137
136.67491658528647,51.65458078201663,-0.6279912101425188,142.0,143.0,4213.0,-0.020420183080634757_138
139.45867919921875,47.89391034535267,-0.98786396778118,149.0,153.0,3438.0,0.579295885342666_139
110.69786241319444,63.44182041586597,-0.10640988962461642,114.0,0.0,2395.0,-1.1191922142525352_140
77.72967190212674,51.37743612224038,0.7488112852985858,71.0,10.0,4003.0,0.09200030229970668_141
80.87038167317708,53.429720095223544,0.45042150372024936,75.0,4.0,5167.0,-0.45308194768347043_142
89.91804673936632,49.42735377460356,0.3092137028567297,89.0,11.0,4264.0,-0.19744376229325988_143
128.17276000976562,63.27406549607127,-0.06924510928743158,123.0,219.0,5783.0,-1.3015901407219868_144
113.71119181315105,47.1072398782949,-0.6693809695525317,126.0,158.0,4363.0,-0.5076029151490786_145
110.50521172417535,48.017088002640214,-0.3359783278965505,115.0,165.0,3582.0,-0.7756695653152326_146
89.07201131184895,49.8481717746438,0.31363931364230274,87.0,100.0,2557.0,-0.5077263152339855_147
124.30979749891493,53.505436636963715,-0.6359271943351169,131.0,132.0,4308.0,-0.3801580121744079_148
115.30926852756076,37.1733847413242,-0.5215108629368032,121.0,129.0,4648.0,0.6543763764359625_149
117.28434583875868,46.87939658963939,-0.6284514758577058,128.0,132.0,4535.0,0.08947365202477675_150
79.193359375,37.41122194704333,0.4208224602888346,76.0,66.0,4486.0,0.16694420992891912_151
146.51439412434897,37.18048144118775,-2.0947157583576934,156.0,165.0,6884.0,4.02739180955545_152
90.79059176974826,54.75230023003001,0.17219565806987697,88.0,0.0,4102.0,-1.0025654530005759_153
113.61263020833333,54.12900786994296,-0.15714705728945264,127.0,136.0,2987.0,-1.1368800196340758_154
100.23783704969618,38.93430661554788,0.8700357289711621,92.0,80.0,4413.0,0.6287778193814924_155
103.77233208550348,43.78909610407033,-0.05859252071823241,110.0,150.0,5121.0,-0.7647007641668124_156
114.18629625108507,48.85500883863681,-0.2725437111575236,122.0,27.0,3920.0,-0.4480117681314768_157
106.98348659939236,44.45411232899203,-0.6375547610275663,123.0,144.0,5385.0,-0.6561531761236781_158
137.05846489800348,49.141648368475515,-0.5826715356098499,148.0,172.0,3150.0,-0.5078511057480144_159
96.26399400499132,65.32143163284812,0.2661359868704856,83.0,17.0,2326.0,-1.305380585130171_160
115.67319742838542,34.994984847983716,-0.18720508250769569,116.0,127.0,6678.0,0.6988703036641168_161
109.02007717556424,57.98804079089222,-0.149353707395407,115.0,3.0,2673.0,-0.881193432667088_162
144.35952758789062,39.73094882549269,-0.8130881245823133,153.0,160.0,4908.0,0.6313526082147627_163
87.41479153103299,44.98802454451953,0.4620339507471812,71.0,64.0,3880.0,-0.6063134053624393_164
100.17562188042535,46.282435319369455,0.04839353411760839,96.0,75.0,4731.0,-0.8017709185691446_165
107.10766940646701,52.241925219001615,-0.037837467267947164,106.0,157.0,3166.0,-0.7363302578710749_166
73.63194783528645,49.38077194068117,0.5491107604912654,63.0,40.0,2778.0,-0.5105371024538918_167
93.48139105902777,55.41688669488217,0.3200695400043812,83.0,70.0,3487.0,-1.0726248870569262_168
99.88571166992188,54.52630878997638,0.2827420876125004,92.0,67.0,3510.0,-0.8172761433007993_169
94.70841132269965,52.245497365329065,0.3108422648246201,90.0,60.0,2393.0,-0.7328982086509153_170
77.20738050672743,45.41779424696529,0.5284610940471008,73.0,69.0,3179.0,0.015139914056414128_171
86.24140760633681,46.279330582501714,0.6322837786713126,84.0,90.0,3366.0,0.58076153460572_172
110.9219733344184,47.71832035918428,0.24632128096402606,110.0,131.0,6788.0,-0.4727591697556712_173
97.13308715820312,44.87359223867332,0.5294873837080772,96.0,96.0,3796.0,0.48841067802182536_174
92.59779188368056,54.8527058116504,0.3606260869246943,85.0,42.0,2316.0,-0.93031398401755_175
115.94932386610243,48.257303413900296,0.005882514423618934,113.0,115.0,2944.0,-0.6522419705219509_176
116.00456068250868,51.190816206150366,-0.2576521554207107,121.0,126.0,4549.0,-0.6323356849810842_177
90.19918484157986,56.85531144964797,0.5747487816302806,80.0,14.0,6605.0,-0.5781597913989196_178
99.76031833224826,52.46857392961914,-0.22849855289484133,113.0,121.0,5576.0,-0.8660017354001659_179
116.26558430989583,48.38295057763221,-0.14323659498605684,124.0,135.0,3985.0,-0.4818965027394544_180
82.72406684027777,49.80035703066177,0.6240882520629744,77.0,128.0,3713.0,-0.17236596387936975_181
61.492150200737846,53.67611787482793,0.6686002943960316,43.0,0.0,11959.0,-0.7216882720751805_182
84.89230346679688,42.046934856210854,0.4622414087909564,80.0,73.0,4864.0,-0.12536516519582452_183
119.93556382921007,47.32262785003938,-0.11537083267447035,120.0,191.0,2987.0,-0.38116422363618163_184
126.49235704210069,49.41067390571561,0.033521980029861974,121.0,123.0,3782.0,-0.4855513028342835_185
86.47564019097223,35.037671986720376,0.18217002179081718,82.0,67.0,4109.0,-0.5363841395547269_186
88.41947428385417,50.45498412337333,0.07243397964922293,84.0,3.0,5107.0,-1.1573702238421926_187
92.56016370985243,53.26019270796739,0.2802639262649054,84.0,54.0,2449.0,-1.014635987148415_188
62.44762505425347,53.473270350806644,0.9268082647641819,47.0,0.0,5731.0,-0.17034789090229951_189
102.08108181423611,57.544524542849985,0.14732143679781665,97.0,62.0,2054.0,-1.1400154537042735_190
119.80328030056424,41.75742923452429,-0.4241904669532126,118.0,162.0,6583.0,0.03101537802010812_191
130.3871866861979,45.73105237594513,-0.547701427932378,135.0,107.0,4362.0,0.23982731320084527_192
116.14923095703125,60.87826348573847,-0.1048094862189993,115.0,194.0,2921.0,-1.258391103533322_193
123.68838161892361,49.902405236521,-0.13778908654516558,123.0,168.0,4920.0,-0.8260630916781522_194
120.97134060329861,43.64023952361984,-0.597934052272125,122.0,118.0,3896.0,0.33768468316419264_195
95.53596327039931,64.33194370313412,0.4398667452662339,80.0,29.0,2513.0,-1.1057439150588515_196
98.27965969509549,45.824171450036346,-0.6011746540228898,108.0,133.0,4147.0,-0.4452142506464134_197
124.16421847873264,51.21443413151251,-0.9012616108702626,138.0,158.0,3595.0,-0.01889685657385387_198
114.40612453884549,49.71350971336285,-0.05537851488113239,115.0,17.0,3231.0,-0.4835676153383073_199
77.7007073296441,47.368145885361315,0.08494388324492991,80.0,0.0,5792.0,-0.7309234066815686_200
83.76810709635417,68.32187575904996,0.3160944586590887,65.0,7.0,10170.0,-1.4735292763784924_201
127.93102688259549,60.992855300306424,-0.29759485898053645,135.0,216.0,2659.0,-0.7849623435988149_202
97.45008341471355,64.7853483021773,0.12976209833228922,99.0,0.0,5057.0,-1.0887204983990704_203
110.95515950520833,54.98365997280014,-0.06197299960003127,112.0,0.0,2458.0,-0.6904567831806183_204
109.8302985297309,58.95408179601849,-0.004362680970618746,110.0,41.0,3605.0,-1.1025397491994642_205
86.65870836046007,62.59694753225918,0.21336283273294712,84.0,7.0,16690.0,-1.1771589591213127_206
116.29613579644098,81.47061614149902,-0.023593558936493116,116.0,7.0,10046.0,-1.5749915205460596_207
83.25237698025174,67.14121479928534,0.45012241483296417,66.0,10.0,10736.0,-1.1301356035428385_208
109.22572157118056,75.09133084242681,0.44002782381313577,84.0,223.0,6871.0,-1.3310833914598614_209
102.31880357530382,72.96820610184065,0.3758058742246164,86.0,223.0,2819.0,-1.27439379626391_210
105.40820990668402,75.79419664166178,0.11834564589303424,100.0,8.0,8857.0,-1.4567535372495968_211
88.89361233181424,64.43207250577906,0.4990895034909327,82.0,8.0,6247.0,-0.7174523887828905_212
73.59965345594618,52.89568196030677,0.69814614771279,65.0,4.0,3998.0,-0.3944842253509835_213
95.80752902560764,59.514836331392935,0.36959990682345484,84.0,8.0,3424.0,-0.8857202620874705_214
97.7363043891059,64.8939910626115,0.12797626443451995,96.0,8.0,7770.0,-1.1752783321107436_215
107.8961418999566,81.2592542374825,0.14767390421940715,99.0,9.0,5437.0,-1.5921287271868718_216
103.38760036892361,72.3026830699657,0.11979104757671806,106.0,11.0,5346.0,-1.314634699643579_217
105.23433770073785,69.16488152845851,0.029024612533305166,108.0,0.0,4556.0,-1.337126962546632_218
118.71878390842014,63.90048527871539,-0.2813614694269923,130.0,11.0,2853.0,-0.9965627282433176_219
108.20866563585069,59.83146640862489,0.19184210468482507,110.0,118.0,3510.0,-1.1179626870147654_220
121.94258965386285,64.41357553913926,-0.392880094154392,135.0,0.0,2942.0,-1.0092280922965253_221
105.45928276909723,57.132866480955,0.1754535951964081,104.0,112.0,2067.0,-0.7739951976704602_222
82.00313991970486,79.93830576164584,0.8103626657991029,48.0,10.0,9550.0,-0.8919186434746629_223
100.27190823025174,63.64804771423716,0.2606759581083992,95.0,10.0,2970.0,-1.0633247288410033_224
91.67201402452257,63.457339394294046,0.6819870223079978,72.0,71.0,2864.0,-0.776174988091022_225
118.53534274631076,67.25247160418111,0.0004660123812788763,117.0,196.0,2225.0,-1.2089742661880853_226
77.73922390407986,60.22465330922421,0.46922348415908977,68.0,8.0,14661.0,-0.8450613330312025_227
79.30479261610243,66.52481246198954,0.4904584692950012,70.0,8.0,12509.0,-0.9992971851213972_228
101.1297607421875,64.81804183938276,0.11459145637079252,102.0,11.0,3602.0,-1.1252320038208128_229
101.03832329644098,67.5712648771467,0.1664450430686756,101.0,9.0,3884.0,-1.1539588747722878_230
88.69842529296875,60.372109404332704,0.5584917778562227,75.0,47.0,2405.0,-0.7210458645847657_231
98.93056233723958,56.38574621737675,0.19096814238478538,100.0,106.0,2594.0,-0.6556141028496607_232
80.51282755533855,58.82284148247073,0.6185287389028843,67.0,9.0,8468.0,-0.6326664367243509_233
37.696987575954864,39.88175679970116,1.3997818141061693,24.0,7.0,80542.0,0.9095367224152588_234
94.53456285264757,54.71993686164386,0.21913977565900716,95.0,0.0,4928.0,-0.5781605342046903_235
79.3758307562934,48.27901031718909,0.6647244057302316,74.0,53.0,2980.0,0.3175402691686804_236
116.08456420898438,64.60943467362743,-0.15500987485232387,123.0,180.0,2133.0,-1.2397595394778784_237
97.74840630425348,59.430457192555465,0.2258933459388718,94.0,8.0,3827.0,-0.8351737614598487_238
112.84821234809027,56.33802945511167,-0.0617422861361033,113.0,52.0,2392.0,-0.8594290510357467_239
91.0179443359375,64.13816281092214,0.5095350646738097,82.0,13.0,3176.0,-0.8342327477256668_240
109.0467766655816,58.184159490318464,-0.005003385792750184,109.0,0.0,2237.0,-0.8633938416785774_241
111.19681464301215,53.10629927976775,0.028062553654707934,109.0,70.0,2331.0,-0.9316919042085274_242
98.25529649522569,60.45559435130603,0.20535925909705166,94.0,7.0,3867.0,-0.9182260530675506_243
91.84176635742188,59.026551129908114,0.2956243047949544,80.0,37.0,5224.0,-1.0155014626249759_244
31.037445068359375,33.70298100258178,3.1980253543054564,20.0,11.0,11562.0,13.85991050761562_245
121.33671061197917,58.29611369088631,0.03830434693954503,120.0,124.0,2553.0,-0.8750953203907437_246
79.8985833062066,60.70719114349201,0.7639637499287582,64.0,0.0,4354.0,-0.321671113651532_247
114.94815402560764,60.46218256966764,0.03776156216007729,108.0,183.0,2326.0,-0.9890446235253556_248
72.99929470486111,55.909909756166336,0.6234188912911033,65.0,0.0,12167.0,-0.41142773996377446_249
62.86377292209201,56.29119440880536,0.9319884449469715,48.0,8.0,15819.0,0.05599908225561823_250
91.15531412760417,56.72876248358413,0.3787788178274667,82.0,74.0,3551.0,-0.6244330119251935_251
129.5901116265191,69.35819838470198,-0.37846440525734026,142.0,216.0,4219.0,-1.094460514353983_252
109.36362711588542,69.9246225929396,-0.04735003826035182,120.0,0.0,3671.0,-1.2283731524591983_253
100.96057807074652,72.76058778465051,0.6505771214536333,79.0,226.0,7836.0,-0.9314898281642141_254
102.39270358615451,53.15810226673512,0.03465692448014304,105.0,0.0,2400.0,-0.6224466656236514_255
127.40688747829861,73.62697596807641,0.22126090494309472,104.0,223.0,12008.0,-1.4723191193747978_256
82.20166015625,59.68624587569484,0.919887394823413,69.0,226.0,3016.0,0.1543193448563529_257
140.63134765625,70.77615770609349,-0.5579335150825431,181.0,195.0,6573.0,-1.1379872790902577_258
97.59391615125868,59.525446070911514,0.1458026179183135,98.0,9.0,4024.0,-0.8483708478006329_259
71.16513400607639,50.87202830170165,0.9686339806006539,62.0,10.0,3289.0,0.7370613033286224_260
91.05470106336806,65.59130830436929,0.26484331328339156,86.0,9.0,5823.0,-1.1782612687704503_261
92.9978264702691,73.06193981814606,0.5105091006750033,64.0,8.0,5748.0,-1.1528767260341968_262
84.59444851345486,51.54368262062702,0.682252924776122,71.0,53.0,3998.0,-0.33589516078293613_263
100.18930053710938,56.859791461155446,0.307432794784396,97.0,50.0,2540.0,-0.8191355344102953_264
98.2628411187066,79.35827793509557,0.5403111661861199,71.0,225.0,5863.0,-1.2543858921965216_265
111.26717122395833,58.24479821739603,-0.14183183142760558,117.0,9.0,2913.0,-0.9969843854463138_266
108.80119493272569,52.29124588905739,0.03241891457407819,111.0,129.0,2144.0,-0.7152225166344812_267
62.60337660047743,50.70655050562089,1.0991138506115978,47.0,7.0,5787.0,0.611410531768982_268
77.11178927951389,64.58741309702565,0.7443291593446463,58.0,7.0,5784.0,-0.5693772031377797_269
125.0873786078559,61.18947768002147,-0.44510993229688584,137.0,175.0,2807.0,-0.8675832478282839_270
133.93429226345486,54.71585062244739,-0.46522287955260644,140.0,163.0,4001.0,-0.5563278067143242_271
112.3640374077691,64.08219908817476,-0.09844747136875354,114.0,9.0,4381.0,-1.1662595099526536_272
44.593841552734375,52.49257543422951,1.5172917388836056,18.0,7.0,45978.0,1.59735684850678_273
49.70732625325521,60.00566428824227,1.311350516801815,14.0,8.0,29177.0,0.5177697205842748_274
95.57438829210069,64.47888873936846,0.16048147675700997,96.0,20.0,2983.0,-1.3890829418378658_275
66.43827650282118,78.32298542576228,1.1543538119220678,24.0,8.0,24434.0,-0.1374924418240986_276
99.91165161132812,50.97386916451897,0.02543522998877588,105.0,127.0,3071.0,-0.5097668265728941_277
107.29750569661458,62.36733107329831,0.059676848610076265,109.0,10.0,2728.0,-0.9752016060139077_278
97.36717732747395,60.53130560356813,0.264817414304825,95.0,36.0,2345.0,-1.0261580016792622_279
107.81170993381076,59.022704314264296,-0.016078015582564248,110.0,111.0,2787.0,-0.9327486732329793_280
100.98146226671007,65.18233036121681,-0.04955431390261506,111.0,9.0,3775.0,-1.276893337019565_281
100.09424506293402,54.81122241645088,0.3927305523056297,91.0,75.0,2373.0,-0.7915100765952405_282
109.06940375434027,75.16199847004343,0.20286310315445502,89.0,213.0,6150.0,-1.5630755709328783_283
111.67105441623264,66.40046806397517,0.014817573800376698,115.0,38.0,2051.0,-1.3588746266675977_284
125.65094672309027,56.682216304660464,-0.4487918830165391,134.0,159.0,2940.0,-0.6738220688808356_285
130.12295193142361,58.23479871306806,-0.4877067911594653,140.0,153.0,2692.0,-0.5990298865965_286
108.09677124023438,63.04416657744713,0.21365836107038658,107.0,46.0,2399.0,-1.1324609563529668_287
124.7139180501302,57.06927903966655,-0.20550980740615266,128.0,146.0,2587.0,-0.6965481905583633_288
114.53941853841145,56.90897267142447,-0.1430053290776373,117.0,101.0,2322.0,-0.848956256710633_289
98.86448838975694,65.46429102625392,0.3087182226458907,74.0,41.0,3186.0,-1.4169827441708989_290
107.52589246961806,50.68138471907732,-0.07243507857743357,113.0,134.0,2684.0,-0.7315753446975393_291
135.99483913845486,72.94533597815104,-0.32772807778702157,145.0,224.0,4979.0,-1.3298234239469298_292
120.51747300889757,53.65272426039536,0.04247882918067394,119.0,120.0,3262.0,-0.583687170063639_293
124.98094685872395,62.221739835121404,-0.3509720373342096,139.0,208.0,3344.0,-0.9520461897277634_294
55.78123982747396,47.957541997518284,0.8801911540115905,52.0,10.0,25390.0,0.5025331763544103_295
105.22633192274306,53.730341974511816,0.14633598494555675,104.0,74.0,1919.0,-0.9401573295978713_296
87.24263509114583,73.47720387081027,0.2559507121171046,85.0,7.0,28102.0,-1.4167949946013505_297
126.32023451063368,58.64281978097994,-0.26071123148631375,131.0,151.0,3153.0,-0.7469546650764043_298
128.2417975531684,65.63782619620953,-0.40655124946950943,141.0,176.0,3059.0,-1.1244649760030134_299
68.73920355902777,62.3569888244903,0.9172260124772309,60.0,0.0,11210.0,0.1250140979942489_300
86.98331366644965,71.82040704100221,0.3165352624730314,76.0,0.0,9700.0,-1.3110676649561401_301
81.11207750108507,70.22867622311774,0.5906015899971883,68.0,0.0,9071.0,-0.8525180473565128_302
64.92656792534723,59.87616847006628,0.8038417245027907,50.0,2.0,17822.0,-0.42523622633345726_303
83.1440192328559,65.66876047145949,0.357264050234347,83.0,3.0,15231.0,-0.9808281675352868_304
94.35018242730035,65.32302776749665,0.3690603511680062,95.0,7.0,3821.0,-0.8212302436417693_305
105.48763699001736,78.92889489858615,0.17843938089240421,98.0,227.0,16492.0,-1.4119833181928108_306
86.43915134006076,66.12389077052906,0.5113186901014346,77.0,0.0,8584.0,-0.7543323403613429_307
102.70619371202257,72.59915640513547,0.1893553634168964,106.0,0.0,4338.0,-1.2067172101306758_308
104.86823187934027,69.89443298521806,0.20483728667171106,99.0,25.0,3261.0,-1.2672759937395377_309
96.76116604275174,74.88751109905475,0.28800959693177597,87.0,0.0,8787.0,-1.2582144557599018_310
101.07692464192708,70.18562088403633,0.2825560022739253,87.0,0.0,5775.0,-1.2331987721671815_311
95.22293429904514,70.49842073880447,0.34087704749071407,88.0,0.0,6376.0,-1.1346821582058555_312
104.23834567599826,76.69258125175362,0.16455972650466585,107.0,0.0,5895.0,-1.3028576640333724_313
88.60382080078125,70.23494819470099,0.684211757903828,59.0,38.0,3423.0,-0.9668621675131903_314
83.63270399305556,71.93922874883391,0.7414854193658058,64.0,0.0,8230.0,-0.5869604649981781_315
103.84909396701389,81.69635259273747,0.07551341307321263,105.0,0.0,9954.0,-1.6070818124970603_316
64.26646253797743,62.369344867657915,0.9704993151861021,43.0,0.0,9938.0,-0.050064718408465936_317
85.0277336968316,60.836455303639454,0.5501810649472771,87.0,0.0,8929.0,-0.22452827703899825_318
90.87256876627605,60.58734870366701,0.7792001715903868,79.0,57.0,3105.0,-0.07251947238885492_319
98.79986572265625,81.11300980033158,0.2419392791686938,89.0,0.0,10114.0,-1.455002667804989_320
95.07850138346355,71.68350952984085,0.414500962547198,79.0,7.0,4027.0,-1.1505873791969914_321
69.99674818250868,72.65422305923929,0.9418914918683948,38.0,0.0,12603.0,-0.418905001786817_322
99.54748874240451,75.90781457718313,0.40207830733921557,76.0,207.0,3615.0,-1.3392288104192827_323
85.01188829210069,68.79943043080351,0.5425316230137616,71.0,7.0,12846.0,-0.9385619279989799_324
100.80013699001736,76.48440500675203,0.36174445315484866,79.0,12.0,3481.0,-1.337711441865175_325
85.24070909288194,68.98459763040242,0.5159358573342561,73.0,7.0,6904.0,-0.9223017154350983_326
73.40307956271701,73.45312725561355,0.6328295748297481,45.0,2.0,22596.0,-1.0405077584626274_327
92.49401177300348,62.739816202841325,0.1909747241813522,93.0,5.0,3673.0,-1.063166696228438_328
75.02677747938368,71.58972787271315,0.928245331497813,52.0,0.0,9303.0,-0.35501673252859245_329
90.22557915581598,75.4813778291288,0.45564507311962504,78.0,0.0,10872.0,-1.1050755235744627_330
98.75758870442708,66.21922468459832,0.1405515551613278,100.0,0.0,5841.0,-1.1012054698011584_331
103.3940938313802,75.36681376441338,0.09096603543857822,106.0,2.0,7802.0,-1.3217202734418305_332
102.22830878363715,71.02564562535117,0.09274344822510676,109.0,0.0,7228.0,-1.124216186989174_333
115.3995598687066,77.03714821307334,-0.0218288128946263,121.0,223.0,6241.0,-1.3172980717049598_334
109.67708333333333,81.62752183358427,0.03915325917706451,116.0,0.0,6349.0,-1.530848377714497_335
101.73900689019098,67.9317404368485,0.2415382713267612,92.0,195.0,2516.0,-1.2624559133577098_336
111.90522935655382,69.87169298954963,0.04436619511767342,108.0,205.0,4249.0,-1.2423073100972863_337
116.88911946614583,64.25681890396498,-0.0284063228692875,116.0,207.0,2204.0,-1.03057215642407_338
72.30971950954861,66.49599751881001,1.0620399224161496,53.0,9.0,8529.0,-0.015335626817478687_339
89.99533081054688,71.37513298669333,0.3668799799479989,85.0,0.0,9681.0,-1.1019776856449086_340
83.97101169162326,72.01061964434652,0.6006201820347995,75.0,0.0,7904.0,-0.8453237269942457_341
99.59205796983507,75.55217454728958,0.4596539181812689,82.0,19.0,3694.0,-1.1703409639635913_342
117.07233005099826,66.83127916504488,-0.050554763471630335,120.0,209.0,3267.0,-1.1388200787782432_343
66.37662082248264,66.44410294531058,0.7826631518942179,36.0,0.0,13070.0,-0.7997200933546211_344
88.95777723524306,71.92604689775439,0.2730589642527788,92.0,0.0,9268.0,-1.2589761278797837_345
95.06534830729167,69.85560170579758,0.40680446358725975,92.0,227.0,8586.0,-0.7944321990642438_346
108.67976548936632,63.0574259867543,0.14826193450732028,107.0,0.0,4565.0,-0.7881081688656901_347
83.84930419921875,68.11126414410599,0.6859273813531754,68.0,0.0,6992.0,-0.6667184026333706_348
93.80601331922743,56.73593057008946,0.2508765924597752,100.0,0.0,3563.0,-0.4537200878194598_349
79.95503743489583,62.27983024140068,0.7893063808585267,67.0,0.0,6469.0,-0.17920118146592_350
83.14472113715277,77.37926546969328,0.5707390939206896,60.0,0.0,11102.0,-1.0294184025532322_351
94.94605170355902,71.72373319582685,0.3521293515681898,79.0,0.0,8032.0,-1.227194326191768_352
95.85420057508681,62.29602928009396,0.5789498525407908,82.0,70.0,2854.0,-0.6089143952498555_353
101.64274766710069,70.48787019379792,0.3527286335866997,84.0,9.0,3428.0,-1.1996999050221244_354
84.52755737304688,60.043547362663425,0.2299149296672859,83.0,0.0,7587.0,-0.9632154901551133_355
81.00195651584201,72.28091481153936,0.6008149349409575,59.0,7.0,15394.0,-0.9729416377081241_356
124.56157769097223,74.60253953901714,-0.11472180505627855,119.0,0.0,5726.0,-1.339018692225755_357
71.02256944444444,62.3928061274871,0.774697192538056,50.0,7.0,5997.0,-0.459668073994119_358
106.0225830078125,61.286247135793275,-0.021937141389349348,120.0,134.0,2702.0,-1.1225040130001065_359
69.65894571940105,61.4754035764271,0.8684560994795892,54.0,0.0,16470.0,-0.26540235071786933_360
130.96907891167535,71.1978823055316,-0.29846232598325917,130.0,225.0,6826.0,-1.0077450806251975_361
93.65775892469618,76.34436822205383,0.42763157762737725,80.0,7.0,6827.0,-1.1677092278653658_362
110.32319471571181,68.42784544672163,0.08951609657942786,103.0,202.0,3641.0,-1.2106811766454841_363
109.93603854709201,78.20563196876093,-0.012468963302509265,113.0,2.0,6652.0,-1.467912450592112_364
109.51087103949652,57.39343734209653,0.05725638224994382,111.0,0.0,5421.0,-0.32603142350831993_365
68.29737684461806,60.00669405437364,0.9462637152253974,53.0,0.0,6313.0,0.2063413222168422_366
106.54178873697917,76.9622790266123,0.11093162748777748,108.0,0.0,6075.0,-1.3696619561036183_367
100.3441399468316,70.88368633591446,0.09999681013569954,105.0,0.0,6707.0,-1.2023381362230168_368
78.96885511610243,64.18940668630206,0.9400943349759231,60.0,0.0,5946.0,-0.13985848095912878_369
94.93770005967882,65.05233849433702,0.5114814432930991,85.0,7.0,2727.0,-0.7224784758713896_370
86.42618815104167,73.60077758008983,0.5697843108339992,63.0,6.0,6165.0,-1.0801892529370365_371
89.57300143771701,78.30798332993334,0.4107577195299793,69.0,0.0,9604.0,-1.3100420798179369_372
105.17341444227431,69.78646686646809,0.037832419940129355,106.0,9.0,3850.0,-1.3391176163819445_373
104.79737345377605,78.38718329797076,0.38333105778634075,89.0,0.0,5363.0,-1.2218158072846177_374
91.52461751302083,65.85538221668423,0.3179677750705604,88.0,0.0,9077.0,-0.8605016914980452_375
86.68044704861111,75.1893928344928,0.6322622313227338,60.0,0.0,9441.0,-1.0147724731997887_376
92.94119601779514,70.5654119006441,0.3966206844564496,76.0,0.0,7399.0,-1.1701155389874778_377
106.73662990993924,71.74508579940404,0.17461955150941813,106.0,0.0,6051.0,-1.1287278818642605_378
103.91710069444444,63.07746038885085,0.3917836568892234,100.0,102.0,3621.0,-0.5882821074132609_379
109.94400024414062,69.14242617131771,-0.10675886747112981,114.0,0.0,5712.0,-1.1938400497492363_380
107.16220092773438,74.7735514173221,0.11100857882431585,107.0,0.0,7028.0,-1.4036493140397035_381
99.67047458224826,79.77469084876606,0.35133004409888285,72.0,0.0,6000.0,-1.4209871251950899_382
107.72263590494792,71.0564776134892,0.13902825963167897,100.0,210.0,2994.0,-1.3076495054975381_383
111.47121175130208,70.34130263626483,0.05877028355629415,113.0,192.0,2486.0,-1.3247645055923973_384
87.41089884440105,75.8641546236637,0.31533725739993224,81.0,0.0,14027.0,-1.350444507781353_385
110.18332926432292,76.88668910521118,0.024431730623825084,118.0,7.0,4720.0,-1.40356942255946_386
77.70259263780382,69.8919201746688,0.839025034854651,52.0,9.0,5945.0,-0.5729280607095348_387
93.85339694552951,68.84059472052539,0.3793604372410223,87.0,0.0,10159.0,-0.9218126884829383_388
100.60044691297743,67.38635730563952,0.3908758101238114,88.0,6.0,3367.0,-1.0032985894445359_389
87.98819647894965,71.2119595390851,0.6111535496638476,63.0,14.0,4973.0,-0.9447032487145761_390
98.9845682779948,72.86840862090011,0.41257552796351554,82.0,24.0,3942.0,-1.1922807979727559_391
89.60014512803819,75.68274526436991,0.39553652855024934,85.0,0.0,9874.0,-1.138515736555195_392
86.45628526475694,69.81539398705654,0.4824870407066665,74.0,0.0,9457.0,-0.9838627045597059_393
92.80167304144965,64.89279664548947,0.43609098910175137,86.0,0.0,5978.0,-0.7325942166031036_394
93.96883816189236,65.52646624792035,0.2872868136764596,85.0,0.0,6304.0,-1.13163580052119_395
80.94660780164931,68.1837946329884,0.5698259880732717,64.0,0.0,10809.0,-0.8414878513910362_396
76.34269544813368,67.6553217576829,0.7936497051226492,59.0,0.0,11822.0,-0.3799011509314396_397
81.68403795030382,69.4367577181975,0.478813538292253,64.0,0.0,8380.0,-1.0936446012672578_398
98.72571478949652,69.78651953261577,0.2891321271605794,93.0,0.0,5595.0,-1.0895967709363836_399
205.83748711480035,53.28902305649259,-2.3996308415135044,229.0,229.0,86787.0,4.602857524966349_400
199.70367431640625,57.27517554140226,-2.041307728298231,228.0,228.0,63758.0,3.033461776550614_401
194.9520297580295,54.394356013612445,-1.6355161838773793,228.0,228.0,96493.0,1.9433278313381663_402
207.4406975640191,47.16313745384862,-2.737069286708829,226.0,227.0,79832.0,6.431929043833623_403
196.90040079752603,59.2570684244462,-1.8262182310184363,226.0,227.0,86698.0,1.9384269532121907_404
197.6444566514757,57.051283399288046,-1.784042409831163,228.0,229.0,54598.0,1.9739818054389762_405
198.22675577799478,58.47307281140526,-1.9862914183447133,227.0,228.0,105926.0,2.722991078789878_406
209.78464084201389,43.28801004657579,-2.8505280997407954,227.0,228.0,64734.0,7.805572900495356_407
171.42695787217883,70.93866370591252,-0.8888190575133671,213.0,228.0,72766.0,-0.7141775837823428_408
198.97747463650174,62.31668350871122,-1.93710902326228,228.0,229.0,80311.0,2.247515577140649_409
187.66544257269965,70.80886223977431,-1.6151738592185316,226.0,228.0,79365.0,1.0777624838327515_410
192.61026340060764,57.02316487040233,-1.5654929668173836,226.0,228.0,77091.0,1.3125140808311215_411
193.61469184027777,57.91577243363612,-1.743238560427917,224.0,225.0,32600.0,1.6355741551392011_412
212.5815667046441,42.44478156211118,-3.1921459030633748,228.0,228.0,121907.0,10.125583135834608_413
193.18279351128473,64.15174862645375,-1.7290942327328789,226.0,227.0,34363.0,1.4725179089845222_414
200.99736531575522,50.72871337363419,-2.340292694752,222.0,224.0,31033.0,4.302865430979037_415
207.12280951605902,50.63972433028058,-2.723885482069173,226.0,224.0,50474.0,6.476109262225574_416
201.47551472981772,53.5729897455649,-2.1673926786773796,225.0,228.0,68869.0,3.477819638903319_417
200.68893093532986,56.161147608337224,-1.9908533325297133,228.0,229.0,75306.0,2.6834775748445487_418
198.3545939127604,60.190570924414274,-1.9410182465142378,228.0,228.0,113922.0,2.3559718308758644_419
212.03244018554688,46.87483284998934,-2.7909962837879263,229.0,229.0,114210.0,6.630603894020659_420
205.6816609700521,48.05178899100395,-2.546796618476539,228.0,228.0,61234.0,5.931378324232892_421
178.08755493164062,69.15006390187426,-1.0372696789790272,223.0,226.0,29273.0,-0.5576806469340125_422
211.15481567382812,41.07745276243691,-3.2801839845096157,226.0,226.0,55992.0,10.38883185451298_423
190.24399142795139,59.652776407783776,-1.6163143457398417,222.0,226.0,35905.0,1.2655565180993165_424
198.94420030381946,42.89045430421184,-2.6316088261116204,215.0,216.0,20584.0,6.048460808009256_425
180.3160163031684,70.76878730490846,-1.144403433479121,225.0,227.0,54385.0,-0.2982129789745471_426
209.46417575412326,51.51277522395793,-2.6546731163796835,229.0,229.0,98474.0,5.823156757184977_427
190.94635009765625,62.03534375133581,-1.554416041463086,225.0,226.0,38321.0,0.921508038217635_428
204.52396647135416,53.033602080591685,-2.141368638919807,227.0,227.0,58798.0,3.134849334364138_429
202.89825100368924,50.68634875025015,-2.237228241519355,225.0,228.0,30741.0,4.0233916667487115_430
210.0471428765191,43.26471248077586,-2.748387611277701,227.0,227.0,77642.0,6.771038716257205_431
197.2392578125,55.593707974700166,-2.0561062937316503,224.0,225.0,63773.0,3.079017733038378_432
198.01380072699652,54.86253449250995,-1.9960651887448422,226.0,227.0,87838.0,3.0055224015666804_433
208.75460815429688,43.96303856374363,-2.8710264658752407,225.0,226.0,56059.0,7.391664836739386_434
206.81930881076389,47.494649211479356,-2.4969618503154414,227.0,227.0,83043.0,5.362799335406528_435
194.79885864257812,60.45949220487973,-1.7260726160540791,228.0,228.0,98585.0,1.4933326392263533_436
199.77310180664062,50.94860644228674,-1.917768730514751,228.0,228.0,105475.0,2.7021731727142964_437
199.43075222439236,57.21839110880529,-1.9894719467418045,228.0,229.0,62532.0,2.675678477937943_438
213.45075141059027,41.44021776898545,-3.073395569798773,229.0,229.0,85750.0,8.981400735844723_439
190.822513156467,62.15593584749334,-1.4360125621919837,227.0,228.0,93697.0,0.5554985121971296_440
200.41595458984375,54.38307876614511,-1.9414675972747149,229.0,229.0,79506.0,2.571511245681653_441
200.17820570203992,56.81733305062629,-2.0543957457577977,227.0,227.0,97653.0,2.864067825802673_442
191.43704901801215,61.39646717653525,-1.671687998380316,226.0,227.0,80355.0,1.4261676337459432_443
197.40887451171875,53.08180724384758,-2.073218064268746,225.0,226.0,48726.0,3.384961014390555_444
189.72684733072916,61.67700845177433,-1.4242402565063372,225.0,227.0,58084.0,0.5443883236092129_445
202.07310316297742,53.49827365229527,-2.273036821930082,227.0,228.0,77634.0,4.071466270915273_446
197.3237067328559,57.78437215563888,-1.7553164984608913,228.0,228.0,104016.0,1.7109345625613814_447
202.67639838324652,53.815954890196224,-2.097752806572556,228.0,228.0,128304.0,3.0410695813389053_448
184.19415961371527,69.74107863263549,-1.204605928950034,228.0,229.0,74243.0,-0.16250626672376045_449
202.555416531033,52.3941488274391,-2.2866263982186457,227.0,227.0,57886.0,4.2853491220352575_450
200.31092325846353,53.23539575462151,-2.299959029140117,225.0,227.0,48842.0,4.188293092602164_451
192.44795396592883,62.90011615174182,-1.7774427210018036,228.0,228.0,95752.0,1.806849186202376_452
207.84251234266492,53.40041927424678,-2.6050507050682525,229.0,229.0,92478.0,5.518837153274285_453
202.72935655381946,56.88485039477767,-2.3690409216381516,228.0,228.0,125565.0,4.269447113979087_454
172.33451334635416,77.10030978576629,-1.0526900457045056,223.0,228.0,74284.0,-0.488113187083556_455
205.50161743164062,54.885292896589505,-2.57241744005571,227.0,227.0,84189.0,5.240424464829482_456
198.58063422309027,57.445514093187995,-1.8632290153909492,228.0,228.0,57936.0,2.1298790618190306_457
189.81165228949652,60.754861129785304,-1.4867320727765412,228.0,229.0,74380.0,1.1402047983726096_458
193.84117635091147,60.53418683863639,-1.7289792971614724,229.0,229.0,82964.0,1.9731326294808458_459
208.61477661132812,51.70783917823134,-2.6035413866003556,229.0,229.0,85203.0,5.628864247910959_460
189.05085245768228,62.92906822918269,-1.7073602800742953,225.0,227.0,55762.0,1.6444812139389589_461
191.49571058485242,60.338513528113545,-1.7027164698951265,228.0,228.0,122555.0,1.929321081298779_462
207.19329833984375,47.73991655366459,-2.5662405444360292,228.0,229.0,83092.0,6.170702807535996_463
204.07728068033853,58.20616223246165,-2.3857602708422077,228.0,228.0,99788.0,4.275031083077544_464
199.69731987847223,58.84606523684158,-2.2368228418247806,226.0,227.0,55909.0,3.655905051476368_465
200.12340630425348,51.017274370316684,-2.188930277051126,225.0,227.0,56009.0,3.9408179871693845_466
205.3514166937934,54.65787830044087,-2.377676926543766,228.0,228.0,65348.0,4.362843771909697_467
198.86503092447916,57.136362173448646,-1.942320318943212,227.0,228.0,53837.0,2.455669003701229_468
214.19057888454861,42.46636919606592,-3.4578034858928937,228.0,228.0,108515.0,11.12834594123531_469
194.746097140842,59.997195680083074,-1.6709113005074154,228.0,228.0,103335.0,1.4297168340949007_470
196.09659830729166,61.62438147725374,-1.9576132643858064,228.0,229.0,75286.0,2.4228828798666795_471
204.3162638346354,54.22915397573413,-2.29275341812633,228.0,229.0,77198.0,4.051616337261124_472
200.02696058485242,57.027138200697536,-1.949140165458719,228.0,228.0,85732.0,2.512673855433122_473
209.83370632595486,45.18387502575219,-2.887115197586948,228.0,228.0,113869.0,7.866016077572212_474
185.59266493055554,73.87098654895769,-1.441926089398409,228.0,229.0,59079.0,0.4359646650554425_475
202.30494520399304,51.85705598140764,-2.095208596073224,228.0,229.0,80849.0,3.3497877621968124_476
209.03678724500867,44.163677834975374,-2.3377751370143662,228.0,228.0,103906.0,4.155202432732352_477
200.22597927517361,50.7301688811764,-2.2545124507396865,223.0,225.0,44064.0,4.063300490072078_478
199.665279812283,54.50441363261525,-2.0907371208989485,226.0,227.0,52839.0,3.3717693625968908_479
202.12533908420139,55.76163478619419,-2.1182210249262985,227.0,228.0,98793.0,3.1084357544828265_480
209.20272148980035,49.293633830423374,-2.5445926832267456,229.0,229.0,105328.0,5.413763156605018_481
191.70056830512152,58.32255441198028,-1.7315529575821402,224.0,226.0,52211.0,1.793968095720647_482
205.1786092122396,50.431545613601145,-2.233272544477665,228.0,229.0,73921.0,3.868672962081429_483
200.37636990017361,56.67126555227379,-1.8913516875800371,228.0,229.0,72007.0,2.2113644685319676_484
184.08179389105902,65.24956412510275,-1.4673867300633694,223.0,226.0,45908.0,0.7991387998433668_485
187.70856730143228,67.15714085261236,-1.40612581936654,228.0,229.0,76399.0,0.5531507421214101_486
199.13772583007812,56.62847274419737,-1.9747139670696943,228.0,228.0,116724.0,2.660752836350917_487
200.4482218424479,58.345676514150796,-1.9667166207505002,229.0,229.0,94325.0,2.5295808955190324_488
202.18426513671875,56.296150912931516,-2.16446362810032,228.0,228.0,86040.0,3.275895104583376_489
198.629642062717,53.227735483138915,-1.8490553563492858,228.0,228.0,116422.0,2.4437301877838964_490
202.5636223687066,55.35995787349732,-2.2060171736049483,227.0,228.0,83801.0,3.5717977572061894_491
192.34746975368924,60.66088707559288,-1.8119111596297037,225.0,226.0,61859.0,1.963083971772198_492
202.97600979275174,46.16942635999186,-2.435069098154307,225.0,227.0,43930.0,5.720900453757874_493
206.656253390842,47.57015388918818,-2.611756537257817,227.0,227.0,89914.0,6.0669469247575325_494
199.49308607313367,55.24370605161647,-1.921767969793103,228.0,228.0,69226.0,2.5811114053443136_495
205.86529541015625,48.801712673319734,-2.5486002292492556,228.0,228.0,117733.0,5.58479426768214_496
200.63094075520834,51.66124467491151,-2.0388909594742928,228.0,229.0,54134.0,3.37347096178718_497
207.04549831814236,49.461039905480334,-2.3066336844269144,228.0,229.0,76663.0,4.27305691838355_498
196.82347615559897,60.4098340847662,-1.8397868521903384,227.0,228.0,60565.0,2.0051757949294613_499
126.17136637369792,62.301032783303945,-0.24870383943627414,131.0,164.0,3079.0,-0.8458184678822889_500
127.17640855577257,65.05549017135522,-0.18322685245477294,130.0,228.0,2991.0,-0.9764974543245182_501
112.97371419270833,66.39425091328528,0.17668911211149696,107.0,222.0,3718.0,-1.0955067648140886_502
101.26231214735243,61.76494982110086,0.5128622947446709,88.0,39.0,2223.0,-0.8126725553543488_503
123.40458848741319,54.81582226908238,0.09134230086453742,114.0,105.0,4102.0,-0.4733447662520507_504
122.4062737358941,77.33426686112252,0.31459799140465516,99.0,227.0,18622.0,-1.445936877553344_505
138.186770968967,56.79509174076882,-0.2723686436297744,138.0,190.0,2235.0,-0.7209173137456615_506
131.51766289605035,65.81503801386474,-0.2347265752293647,136.0,228.0,5879.0,-0.992424022495622_507
138.08878241644965,69.97914322436544,-0.23661728548202857,138.0,228.0,7723.0,-1.0974137487217157_508
97.33609686957465,52.33610489795458,0.06218044538896244,103.0,125.0,2854.0,-0.7542343192820189_509
133.4918246799045,52.22555589285978,-0.31301729150736735,139.0,149.0,2559.0,-0.454196459238962_510
83.45235527886285,60.57664636966167,1.259658668954409,66.0,228.0,5335.0,0.7082987430148591_511
99.16453043619792,55.350416821871555,0.4272612562124704,93.0,0.0,2639.0,-0.474450827300648_512
122.2090555826823,49.518844497234156,-0.21072785934114086,125.0,139.0,2986.0,-0.395783763127052_513
112.86261325412326,44.504932468380254,0.08165519680168826,112.0,112.0,3023.0,-0.0830954127168666_514
108.07057698567708,59.16599249687606,0.5106224437250901,99.0,58.0,2312.0,-0.6014605484516098_515
107.12293497721355,65.89054724116573,0.3183109563134906,92.0,74.0,2496.0,-1.1061513338535847_516
135.85035536024304,72.20420517450765,-0.37696635677823553,152.0,206.0,3166.0,-1.2986209808791858_517
125.10578748914931,56.58646499565234,-0.18206475741405773,127.0,111.0,1996.0,-0.6986128262369373_518
103.29121229383681,55.293641223912815,0.2391241185821867,102.0,115.0,2069.0,-0.6169484736245479_519
103.59741889105902,61.0741648027041,0.20244677470643388,104.0,33.0,1988.0,-1.0209958186042642_520
146.42214626736111,59.071515334182926,-0.48838789562280455,155.0,184.0,2880.0,-0.6605891741692624_521
121.58340454101562,62.29769456627092,0.2955871881761284,116.0,228.0,15960.0,-0.8620947960852958_522
157.16083780924478,58.06492839012004,-0.9022798155950525,173.0,227.0,4925.0,-0.10520650386516595_523
117.88520982530382,65.07028318809016,-0.038788286960370386,117.0,223.0,2736.0,-1.0183323825480077_524
108.61912367078993,56.10001872355924,0.05417450988120441,111.0,148.0,2504.0,-0.6330973813808312_525
123.60989718967014,63.998231445674406,-0.0488789614456485,123.0,223.0,1817.0,-1.087399735037784_526
123.36691623263889,58.69928079766498,-0.1401632470939798,125.0,147.0,2689.0,-0.7810691571719119_527
103.73299831814236,62.624625253403536,0.3753908426963458,93.0,53.0,2292.0,-0.9740791046606327_528
144.4634535047743,51.32450196570151,-0.379276897108053,149.0,171.0,3638.0,-0.3925936219244357_529
146.54928249782986,61.44635420552092,-0.5590025139380396,154.0,225.0,3594.0,-0.660497602049833_530
140.60421074761285,44.392350661937144,-0.612601403037425,145.0,153.0,3007.0,0.5285057585995765_531
131.572018093533,44.83839913178765,-0.3045443739286578,135.0,205.0,3914.0,-0.15066940715908572_532
114.28814697265625,53.6883374752833,-0.24501174947292748,122.0,176.0,3054.0,-1.12451963602573_533
116.30454847547743,57.69512830909213,-0.045938416971073114,118.0,114.0,2401.0,-0.6096517448928762_534
105.91455078125,53.92603428334659,0.481280749489484,100.0,89.0,2384.0,-0.2249936573149851_535
123.95490180121527,41.80348533664812,-0.24270128834936763,128.0,139.0,3418.0,-0.1297704761931331_536
109.3499043782552,56.866471788440016,0.007537609860140534,114.0,145.0,2979.0,-0.6836337995756332_537
142.5599365234375,58.581106233100456,-0.36094575588149513,147.0,222.0,2362.0,-0.7784772005804892_538
140.32598876953125,58.05448839041354,-0.46267309333388784,146.0,189.0,3669.0,-0.715957729504678_539
129.3757086859809,56.55051069333567,-0.2495793238100647,140.0,144.0,7381.0,-0.4407478236694691_540
104.40553114149306,48.40193748335927,-0.04082279026082707,107.0,130.0,2354.0,-0.7599238866646876_541
120.64996676974826,58.75779459352873,0.024403161967381366,118.0,115.0,2475.0,-0.6416266010566711_542
124.12480333116319,58.96597454005113,-0.21965050902754837,128.0,142.0,1966.0,-0.7949521775172546_543
136.7611321343316,56.06336810790241,-0.29585274898684416,141.0,174.0,2774.0,-0.7363088418332375_544
101.32502577039931,49.455282029180836,0.33661377644550916,99.0,134.0,3284.0,-0.07408104154348827_545
122.74963717990451,61.44353043449709,-0.13899781814187873,126.0,158.0,1698.0,-0.9696412415107987_546
124.11083306206598,47.745042626715545,-0.42121365279695877,134.0,164.0,5281.0,-0.690773899388895_547
148.2908732096354,59.82940962212184,-0.539967220290496,153.0,226.0,4234.0,-0.5833436454619898_548
135.8650139702691,65.28345587258225,-0.32166896989411936,143.0,217.0,2218.0,-1.0298686285262988_549
116.18914116753473,69.51068676369168,0.4118841425534873,105.0,225.0,14643.0,-1.0568830586144786_550
91.17342800564236,59.468374639232124,0.5506636791834933,76.0,50.0,2871.0,-0.7068064337716149_551
127.81271701388889,56.03778781211908,-0.16611814012316944,137.0,146.0,5972.0,-0.40927648939275896_552
152.824459499783,56.690194109691134,-0.694939336514217,161.0,224.0,3988.0,-0.15843312067639692_553
107.72432793511285,59.02223172165761,0.6255325841037386,98.0,228.0,5984.0,-0.4194378607241136_554
106.82963731553819,60.44346687592899,0.09875600978581267,109.0,15.0,2257.0,-0.8156835944482501_555
137.14561971028647,58.15379298476017,-0.4044326624603131,151.0,225.0,7483.0,-0.4510383912623177_556
118.0893046061198,55.51909054758503,-0.0438120924884765,114.0,102.0,2683.0,-0.724895118314195_557
154.11328125,51.44418670135666,-0.7560158953218932,162.0,188.0,2453.0,0.17344137822304395_558
114.19511244032118,55.46103880877333,0.037570035512340116,113.0,126.0,2828.0,-0.6948484421321104_559
118.1514655219184,56.230801157508374,-0.03163076035086898,117.0,108.0,2576.0,-0.48401175210335_560
146.80155775282117,63.09772640872193,-0.5798229997607652,161.0,222.0,3734.0,-0.7734809729546872_561
101.8756612141927,50.613211009640594,0.22436137195250994,100.0,78.0,2421.0,-0.39669290517384326_562
105.15964762369792,51.49382999238535,0.17096025530540468,103.0,99.0,2372.0,-0.3694158576178954_563
144.70230780707465,60.44057592274259,-0.4666906254183654,153.0,185.0,3404.0,-0.7484856321624598_564
143.7860344780816,54.129524574324186,-0.2273578702231524,141.0,150.0,5777.0,-0.6561019008291074_565
107.6278076171875,63.78416884644788,0.4493129971856844,96.0,82.0,2031.0,-0.864174515779033_566
101.49841647677951,62.59419473226588,0.4778091208491806,89.0,78.0,2063.0,-0.8558879718270083_567
120.90575154622395,51.10094530771872,-0.017859493420850834,120.0,119.0,2477.0,-0.5319055608068655_568
102.68550618489583,57.936388622109654,0.15137094633983086,102.0,72.0,1807.0,-0.8654401542352232_569
116.53945922851562,45.91120075249748,-0.3321985998569316,121.0,151.0,4502.0,-0.5676197275435446_570
109.07988145616319,52.8602191905223,0.23345782581553376,105.0,76.0,2435.0,-0.5509329946046626_571
126.38441975911458,54.776876194944094,-0.1212986635573159,126.0,116.0,2264.0,-0.5554934312843232_572
127.42601860894098,56.53806141071606,-0.3166634467001155,139.0,211.0,6708.0,-0.5756926756792846_573
123.37805853949652,61.85890124960882,-0.2955069946273504,134.0,150.0,2159.0,-0.9675935085055922_574
102.77066379123264,55.832009099937935,0.6837766763477241,91.0,77.0,2644.0,-0.2869296975757769_575
105.38367038302951,50.07108638538389,0.07358099641138748,104.0,103.0,2537.0,-0.45102518212321296_576
108.86794704861111,51.14243412420523,0.12281088794368308,109.0,139.0,2693.0,-0.33399464259983036_577
129.59132554796008,65.36026313560205,-0.23971061690013484,132.0,226.0,3850.0,-0.9157478614125156_578
121.99063110351562,58.685164370830336,-0.0006104292789173882,116.0,105.0,3360.0,-0.4563092701417917_579
115.1229485405816,59.352305233282024,0.0576186233782928,115.0,227.0,4029.0,-0.6752768431613636_580
122.43085394965277,66.57714259806718,-0.0022096822539754445,119.0,218.0,1778.0,-1.2250143152873985_581
148.19718085394965,62.78912008780095,-0.2591663333601872,152.0,226.0,6335.0,-1.1707884548131575_582
117.93717787000868,58.05835004782343,-0.2570454306760656,125.0,140.0,2163.0,-0.7810654849629062_583
157.97473822699652,60.34961650156717,-0.651834181481919,181.0,203.0,4724.0,-0.8585798880282072_584
147.59266493055554,76.63186513864677,-0.6739973177038266,178.0,225.0,9054.0,-1.012046218010602_585
166.31844075520834,63.04322870065944,-0.8513546546914744,194.0,228.0,8473.0,-0.6015769178225181_586
113.87180582682292,49.868523818845055,0.11106219816715991,113.0,124.0,2365.0,-0.438483342129548_587
134.04706488715277,50.48289385476548,0.010291890605085034,130.0,120.0,3025.0,-0.3420546347888562_588
158.16202799479166,63.93482809734031,-0.627768259189378,180.0,215.0,5584.0,-0.8684601813118937_589
134.31310356987848,59.56830554003564,-0.3395163991839975,139.0,219.0,5185.0,-0.8163575853696812_590
137.65574815538196,68.89905042618622,-0.42287591739005687,147.0,225.0,3830.0,-1.0119523110168147_591
163.12139214409723,61.37637511015289,-0.5899458211315675,185.0,227.0,6940.0,-0.9140510833503055_592
160.2310824924045,59.79253924212293,-0.7123641065876216,184.0,225.0,4472.0,-0.7134948739484921_593
138.64176432291666,46.733667182444144,-0.4077464830227578,142.0,145.0,2936.0,0.1962551144850586_594
161.3631557888455,63.36167684078052,-0.6663224619554301,187.0,227.0,6354.0,-0.8056966238373469_595
148.57084147135416,78.44473310211505,-0.6643540622813027,182.0,225.0,8396.0,-1.1143211681058853_596
130.25424194335938,59.044190897931685,0.007851569067628014,128.0,227.0,4031.0,-0.7686353469594795_597
131.37300618489584,60.47612986756006,-0.20399874996651982,142.0,208.0,2461.0,-1.2024029858456484_598
174.0788370768229,67.74757889649203,-1.1129111101655345,213.0,225.0,13467.0,-0.2424602025329663_599
59.909094916449654,74.35148277980404,1.2674811573756877,20.0,7.0,12059.0,0.0409358367580861_600
69.21332126193576,49.1061679763769,0.42141215987400665,66.0,0.0,7958.0,-0.5866153582948388_601
59.410729302300346,59.68044264816854,1.0241399506986895,40.0,2.0,13517.0,-0.03747936749635272_602
43.51185777452257,64.12765356738163,1.8236168304262084,13.0,3.0,41682.0,1.9915913384172548_603
59.524390326605904,71.87930308111697,0.8144671061731179,10.0,4.0,28626.0,-1.0588265792942733_604
66.5371602376302,62.787262065210214,1.5120090100752617,44.0,26.0,4187.0,1.289191926418443_605
60.279028998480904,63.93768227609985,1.3352449818164018,35.0,6.0,9409.0,0.6807627028348713_606
76.2227071126302,64.94819268841785,0.766403082859464,58.0,7.0,8390.0,-0.6303821341286144_607
67.78584120008681,64.80602552027175,0.7998472614641889,45.0,0.0,10717.0,-0.7119432755278177_608
64.05341254340277,72.48064100761029,0.7070230496039129,16.0,3.0,49555.0,-1.1093798616819663_609
64.51605224609375,54.46174783300584,0.4905228171799174,54.0,3.0,11539.0,-0.9759283943334873_610
53.29060194227431,64.56726023404539,0.8940540645216466,9.0,3.0,33374.0,-0.810169651268625_611
63.83202785915799,70.14871085537412,0.9157186651241003,22.0,5.0,14860.0,-0.6940021493173218_612
51.27290174696181,62.200642246191975,0.9714191273992863,7.0,3.0,67331.0,-0.359681915877025_613
59.49802992078993,68.88972540917929,1.4981619239376476,26.0,7.0,12903.0,1.0243413632139076_614
60.11222669813368,70.5196035230042,1.068160457474583,14.0,5.0,29187.0,-0.15710287917063237_615
35.91986083984375,39.892375012916595,1.6268344787434834,20.0,2.0,10189.0,1.6623704040497875_616
58.30549452039931,68.76794743781616,0.8513899736846908,10.0,3.0,69658.0,-0.7152346289723219_617
40.177636040581596,54.049029322786915,1.795371402167917,15.0,6.0,16226.0,2.0500928091485857_618
60.595364040798614,61.52831418011786,1.6737465381837797,43.0,6.0,5193.0,1.7294509739532176_619
52.704613579644096,50.537921394702956,1.1499376689877683,35.0,2.0,11651.0,0.608631763978353_620
45.77406480577257,58.3718192516065,1.777052330436297,19.0,7.0,16675.0,2.235320759115141_621
53.24884372287326,58.45778887532805,1.305529246413494,23.0,10.0,18054.0,0.5841501360952881_622
58.45824517144097,62.02348664399183,1.4335044794317917,36.0,7.0,9666.0,0.7874054908208739_623
61.00941636827257,57.40856884907345,1.1008871979448656,46.0,7.0,7053.0,0.3490040333086335_624
57.65210978190104,70.6324519335948,0.7157956961734374,6.0,3.0,83401.0,-1.2678607952852763_625
46.005025227864586,63.50937572165186,1.7896348622924285,17.0,3.0,20087.0,1.8826011223799446_626
68.71653238932292,74.77140575156156,0.5176052076947567,15.0,3.0,32204.0,-1.554549958259249_627
63.533969455295136,72.42671932058421,0.9791764740915283,23.0,5.0,14037.0,-0.5853633046203077_628
53.20233493381076,59.618541595326555,1.166631208983015,25.0,3.0,34280.0,0.4197413154652674_629
58.003567165798614,70.66152283396836,1.3740906767399248,26.0,6.0,16876.0,0.4390193856431863_630
58.44823201497396,67.8696064524833,1.4207738808407766,25.0,4.0,14422.0,0.797995339742489_631
66.5383538140191,71.54105828374814,0.9779478842191558,30.0,7.0,9582.0,-0.520421054202596_632
60.506011962890625,72.2660867886144,0.9298764845271493,15.0,3.0,34469.0,-0.670130083273166_633
57.162268744574654,56.217411036986924,1.1292452402019337,39.0,2.0,9065.0,0.14403718279400435_634
59.09174940321181,64.21886002343005,1.3593002961036824,30.0,7.0,8950.0,0.5864099026907579_635
59.30317857530382,68.58284088490458,1.3444104246567365,28.0,6.0,14933.0,0.4642379362072706_636
42.041954888237846,51.58417479953881,1.5082910131559888,18.0,3.0,45379.0,1.4243712561450046_637
67.61102973090277,68.44810874009842,0.8152701288750646,30.0,7.0,15182.0,-0.6242006039682395_638
46.68480088975694,49.320216122484275,1.5685168384357842,32.0,8.0,11239.0,1.699636945069499_639
68.77621120876736,50.86273478363769,1.2914295790044898,55.0,40.0,6644.0,1.0836365647121795_640
61.69505818684896,73.20386088131497,0.9998729880542471,19.0,3.0,23823.0,-0.6057981178899325_641
69.99273681640625,69.94598519479058,0.5919316103148867,28.0,7.0,14990.0,-1.347110078080082_642
50.70745171440972,56.12598640476754,1.4190982652664899,28.0,3.0,8840.0,0.9165685931160952_643
58.30122205946181,77.81027839186649,1.1527308524442121,14.0,3.0,29709.0,-0.39403138988626063_644
45.52049763997396,55.070546664284876,1.7905587295040162,20.0,7.0,16146.0,2.483269279055757_645
66.00736151801215,48.568133900411,1.6538005265497402,58.0,47.0,3730.0,3.2285884997586383_646
65.79168362087674,73.31683291323962,0.7237933640709648,16.0,3.0,29845.0,-1.1056647467187515_647
60.39807467990451,73.40465083843256,1.1474487887473934,15.0,4.0,31692.0,-0.02355404420925611_648
43.38276502821181,65.54802913948824,1.7134166200684768,7.0,3.0,58437.0,1.796783106769725_649
43.218967013888886,50.31651190069796,1.7644761349429516,24.0,6.0,9924.0,2.3653686132235103_650
56.78376939561632,61.653652768352224,1.1254922465996386,28.0,7.0,16334.0,-0.10410160398645818_651
56.359951443142364,59.343129344874626,1.4478064537411437,30.0,16.0,7702.0,0.8750392489873069_652
43.848548041449654,59.7141441653043,1.4103594276705456,11.0,3.0,61388.0,0.6311991409365301_653
77.69458346896701,54.244883363374186,0.6468590206780195,70.0,0.0,5599.0,-0.1890276120661878_654
41.12998792860243,54.479041559242965,1.7812722562951477,15.0,4.0,16676.0,2.20125658658716_655
50.90821329752604,71.17410390559782,1.2258733769873373,9.0,4.0,31344.0,-0.22829571262525672_656
38.68724907769097,43.10915113183289,1.786669642397077,23.0,14.0,7507.0,2.2739042930223228_657
50.786031087239586,67.31217558999342,1.1683001588976156,9.0,4.0,30298.0,-0.21518483648561837_658
31.754208034939236,50.1258779338316,2.0573482566012085,7.0,4.0,31941.0,3.3627809721168473_659
36.67206827799479,56.513218608388385,1.510442308137339,3.0,3.0,88537.0,0.9883843859307038_660
51.70109388563368,66.29627812286328,1.1342690040968042,12.0,3.0,45228.0,-0.2750946768335778_661
30.648603651258682,45.40687958402962,2.431806141197052,13.0,6.0,24473.0,5.508908123393274_662
33.00444539388021,45.97666771278881,1.894304446921829,11.0,7.0,22503.0,2.613083914477076_663
36.38676283094618,53.922981892936185,1.4536087075747444,5.0,3.0,59385.0,0.7049059330857248_664
49.02855767144097,65.96577710712239,1.557164160151787,15.0,7.0,20570.0,1.070707340706626_665
58.459387885199654,65.89915904700058,1.527833470296722,30.0,7.0,11025.0,1.3025896045893184_666
60.72064208984375,49.38094248599523,0.5437534297062983,51.0,5.0,6132.0,-0.829197443790644_667
69.31950547960069,58.04896151677124,0.6395645443501866,55.0,2.0,8598.0,-0.7534823102160355_668
54.54645453559028,47.077831046202114,1.706348190416001,45.0,12.0,4118.0,2.962062408684539_669
66.74549357096355,69.17674900118365,0.7585411898772022,32.0,6.0,14822.0,-0.9648815651009426_670
60.59837171766493,71.05729410367307,1.021431161565068,18.0,4.0,22909.0,-0.4103493020472295_671
58.81525675455729,54.972934965067104,1.3578280061572912,46.0,7.0,9630.0,1.3249586773504998_672
51.527808295355904,61.87447773809411,1.784213547503728,30.0,6.0,11592.0,1.9949938088485215_673
66.75425211588542,63.4172637996315,1.0591744589777028,46.0,7.0,10126.0,0.038902813121648006_674
53.68260362413194,69.38383645857819,1.4311914755844235,19.0,7.0,14876.0,0.549726915469702_675
75.47671508789062,46.98827575122633,0.543230148941512,72.0,0.0,3480.0,-0.024991826184764143_676
58.19026353624132,44.82583563497506,1.3586415071469626,49.0,2.0,7585.0,1.5462501965815996_677
31.660546196831596,39.79745832680966,2.1505828419269477,16.0,7.0,16861.0,3.9900042223098886_678
56.213358561197914,63.954146464304124,1.6148027268884124,33.0,10.0,9360.0,1.3355811469551293_679
71.92860243055556,48.41764506303921,0.4260276018844534,70.0,2.0,5914.0,-0.3211887442477037_680
42.558013916015625,41.68859869722984,2.6325937888992965,35.0,11.0,9537.0,7.527059497735998_681
43.02416653103299,39.34679362553029,2.6853023600048784,35.0,16.0,5766.0,8.947566962090223_682
80.54074096679688,49.23983139849645,0.8701280763877266,70.0,68.0,3290.0,0.38302979388546676_683
38.135284423828125,56.94873691006497,2.0521659850596214,11.0,4.0,38489.0,3.275714676777664_684
55.24011569552951,61.21182625855048,1.1225310198674068,24.0,7.0,10860.0,-0.2868916969015167_685
47.335303412543404,41.62627618022264,1.4503698740166313,32.0,13.0,8107.0,1.993333461956122_686
61.67372300889757,64.89678605342829,1.32707285743078,36.0,7.0,8112.0,0.683770217447091_687
33.436737060546875,54.66278470850791,1.9130839229073182,7.0,3.0,44819.0,2.317744751005593_688
93.90198092990451,65.20558869717725,-0.23456978198432907,111.0,3.0,25196.0,-1.4531515459981112_689
65.09513346354167,61.44069140481085,1.0701538039440202,45.0,6.0,7540.0,0.13366778270327684_690
74.99086507161458,42.73062328767372,1.1165022934894664,65.0,58.0,6062.0,2.075758681580438_691
61.96849229600694,58.370787339770935,0.6892670723772565,35.0,4.0,10730.0,-1.0466124332606443_692
76.00165134006076,58.59206496986244,1.1340009774493847,58.0,45.0,3172.0,0.4788896930279831_693
106.92029486762152,58.43446464106875,-0.2144421390256097,116.0,3.0,3369.0,-0.9862303886671024_694
92.68610297309027,61.77761746063234,0.7971522332961094,81.0,81.0,2667.0,-0.05651576285898807_695
84.21036444769965,75.4722135206004,0.6727256906253446,49.0,6.0,6959.0,-1.0697031282202771_696
65.26951090494792,57.569771294863244,1.0603927927581376,55.0,4.0,12307.0,0.7431311154785103_697
60.107265896267364,52.1910405443599,1.037871682948499,44.0,5.0,5280.0,0.14555888770576386_698
48.74925062391493,54.13254084310458,1.775679666236061,33.0,0.0,14953.0,2.9399358239465805_699
92.3547125922309,57.31648707354214,0.9834252912194326,83.0,50.0,2753.0,0.40708303120955636_700
72.08463880750868,46.612958549820384,0.8553887316557711,64.0,28.0,2788.0,0.5723750006015376_701
89.78772650824652,46.43088488616553,0.38234345241047196,86.0,83.0,2855.0,-0.16430394366988654_702
111.75194295247395,45.16073522104938,-0.15932994793758326,114.0,121.0,2772.0,-0.3356184464902019_703
90.78877766927083,43.87631715478301,0.4183842339746464,92.0,116.0,3268.0,0.8370266410116161_704
87.58371988932292,58.91625559031664,0.6409117638019384,78.0,0.0,4450.0,-0.34853685112237764_705
69.86117214626736,41.14739844523022,0.7095858129060238,67.0,0.0,3599.0,0.9892577523886779_706
89.46917724609375,40.97433759505138,0.6514058238641,86.0,73.0,4010.0,0.9855414104429201_707
92.66395060221355,50.43223723357108,0.36993278600002394,88.0,79.0,2400.0,-0.33312529790381085_708
60.76409233940972,55.887406143969685,1.7432870502994233,43.0,21.0,4741.0,2.216478099790213_709
91.29047987196181,58.03608352163641,1.0259459146991057,82.0,52.0,3484.0,0.3891363825191201_710
111.96893988715277,53.23231085946041,0.1509624406969052,111.0,73.0,2497.0,-0.6496772390442427_711
83.30018785264757,51.96326634747022,0.8656846358519898,75.0,63.0,2658.0,0.4648638215385197_712
54.394127739800346,47.971929619952284,1.6991347724524886,42.0,0.0,6074.0,2.9444748074386338_713
68.63859049479167,47.92629381072703,1.0384133248103293,57.0,32.0,4567.0,0.8085352106845551_714
48.00262451171875,43.630245403469516,1.6609951780135637,33.0,7.0,7772.0,3.060046873664894_715
110.08583238389757,54.38683676704885,-0.13058103866119314,114.0,122.0,2515.0,-0.5459890218746626_716
99.07457817925348,71.21449376594606,0.7535831103927667,80.0,226.0,3750.0,-0.7545724405272649_717
58.703837076822914,42.68947105296125,1.2703717438825246,51.0,0.0,6282.0,2.3861606730765796_718
131.50794135199652,46.74226988763272,-0.5685603069661832,135.0,133.0,3055.0,0.38910174643068984_719
114.54935370551215,42.074819685668814,-0.15492769418065755,115.0,103.0,2959.0,0.0939785940295601_720
69.44993082682292,52.48826465308101,1.2256435122692808,54.0,20.0,3721.0,1.2826229418248243_721
61.66395060221354,45.706857146123724,1.8893457674490486,50.0,43.0,4523.0,3.9569129539783434_722
64.49478488498264,51.856703155399245,1.460775683393638,50.0,20.0,4089.0,1.7511328129476027_723
74.2068583170573,52.25285418710586,1.314464351316214,61.0,52.0,3315.0,1.3306976620256918_724
77.08460828993056,55.456948594624805,0.8503540757938,66.0,0.0,3601.0,0.11382055372418343_725
109.7558356391059,54.014938845587125,0.19680754864110964,104.0,78.0,2713.0,-0.9354717798494425_726
99.10838487413194,41.27447846285302,0.4587407605704746,93.0,75.0,3020.0,-0.49861806866911884_727
103.44748263888889,46.77203733207775,0.1354918554596609,101.0,88.0,2591.0,-0.4303853996334066_728
75.12935723198785,52.20941296251002,0.8691374200001624,64.0,0.0,4167.0,0.25831261543194683_729
57.987338595920136,50.407722818055056,1.5706060452907655,43.0,19.0,4468.0,2.3741442937917077_730
102.97639295789931,50.82255036760046,0.36426015000529816,94.0,47.0,2826.0,-0.9512090224226917_731
74.36621432834201,44.658906537215934,1.0915915354528747,67.0,59.0,3368.0,1.51575765481694_732
53.003031412760414,45.46931845686785,1.7393007071228153,41.0,18.0,5150.0,3.556577928354412_733
81.25424194335938,54.218608102541594,1.009501417297547,70.0,0.0,4275.0,0.65593971506099_734
59.45857408311632,50.69272103909828,1.280956872006469,45.0,0.0,6609.0,1.3416313563619369_735
62.64964803059896,52.33874864630859,1.3837719043397205,48.0,20.0,4089.0,1.67092722173268_736
64.64218139648438,43.61827182488499,1.0683729104326476,55.0,35.0,3832.0,1.2384912105692747_737
125.84898206922743,46.64992590275328,0.009065340654775324,122.0,101.0,2511.0,-0.8537591035273726_738
82.36376274956598,52.53215710827912,1.0058255739678659,72.0,0.0,4291.0,0.7927745082670348_739
52.73448689778646,50.138571357594714,1.531878354877174,38.0,6.0,6738.0,2.1985920972186417_740
118.18578084309895,46.67414433663581,0.23033720290422768,112.0,87.0,2727.0,-0.7815563445342613_741
58.41631401909722,41.24240803345411,1.6167652826355146,51.0,0.0,3818.0,3.78217912513767_742
96.3989020453559,48.34640676072199,0.3698879807527392,92.0,68.0,3177.0,-0.10798367188045521_743
134.65707058376736,50.61556190208449,-0.07742733061204816,133.0,103.0,2823.0,-0.9940059381069983_744
83.78627183702257,49.498486548175315,0.705116417097085,77.0,66.0,3104.0,0.4238306534690164_745
111.44402398003473,42.148308375446724,0.043768927338280535,109.0,85.0,2762.0,-0.8270547569922848_746
92.37876383463542,53.081110959473584,0.7058522685663863,84.0,0.0,3377.0,0.0840121604242472_747
94.66951497395833,38.31950467807481,0.34240380905294315,90.0,76.0,3106.0,-0.6181367892943026_748
70.66212972005208,44.282673352750244,1.151676300050407,62.0,0.0,4111.0,1.8804268746802633_749
85.06587727864583,43.332083430187595,0.6241948077693572,79.0,62.0,3739.0,0.6130477941673362_750
77.27833726671007,43.77017987309536,1.0724793480094295,71.0,67.0,3351.0,1.6187132446851908_751
68.71561686197917,46.38970523481847,1.3234244025590485,57.0,41.0,4329.0,1.863009240945745_752
105.86267428927951,44.51501811283008,0.07646929690264187,105.0,100.0,3839.0,0.23534741785930313_753
93.19008043077257,52.10848688379378,0.5188030140341283,86.0,76.0,2810.0,-0.2960597193308825_754
122.60508219401042,47.9946117733366,-0.4029822233725939,128.0,134.0,3162.0,-0.030420579175705065_755
106.2322998046875,42.27651318619697,-0.14095015763338176,110.0,109.0,3583.0,0.2946266719438375_756
97.19481743706598,41.61546719893113,0.17610714836279762,94.0,64.0,3182.0,-0.8868655797274454_757
87.72273763020833,51.56447008055586,0.5750926130307781,81.0,67.0,2969.0,0.00986052416054406_758
53.73088582356771,49.00881099426896,1.6046615270699918,39.0,0.0,5371.0,2.558430133368274_759
87.02565171983507,44.094229202233926,0.4186421608002187,86.0,115.0,3202.0,0.11036812651642247_760
101.43643527560764,52.48069727766777,0.310419418207504,94.0,77.0,2735.0,-0.5238631734537842_761
76.7536858452691,42.094668170332234,0.3903840327731653,72.0,0.0,4281.0,-0.20037204448528767_762
56.53321329752604,44.76311016922603,1.1201355158728534,49.0,0.0,15658.0,1.7091892537876232_763
119.95111762152777,59.52142356654879,-0.057657997647139275,116.0,0.0,3292.0,-0.9168035422714529_764
78.51055230034723,47.68271440315155,0.5013907260618883,72.0,0.0,5025.0,0.043041874363057175_765
63.61181301540799,45.37554346430666,1.0307374117064558,56.0,0.0,9237.0,1.2940134597405928_766
74.38055419921875,45.98918630688079,1.1660476209810537,66.0,67.0,3236.0,1.763123862561324_767
90.36637708875868,47.43289503347405,0.4672825308977372,86.0,0.0,4064.0,0.15863134674082557_768
53.63114759657118,44.23414409556199,1.2365642304056372,44.0,0.0,11930.0,1.8860587302302498_769
62.406351725260414,38.70051994059658,1.0901355700145323,59.0,0.0,5785.0,2.749349257554478_770
37.4332275390625,47.774774525213495,2.1414063306637305,21.0,0.0,22393.0,4.6962679557169595_771
70.0504659016927,45.91225139035997,1.226425973760058,61.0,48.0,3273.0,1.84578718936966_772
71.77977837456598,39.29563992073815,0.7851476713118487,67.0,60.0,3384.0,1.1328608068139001_773
92.60467868381076,41.683635886358196,0.04053046362844659,92.0,73.0,2650.0,-0.5070443155576556_774
96.85592990451389,61.8525119798661,0.2719033667203594,93.0,0.0,4403.0,-0.8948264963760764_775
104.61983235677083,52.66156467640108,0.18221812479985228,98.0,0.0,2904.0,-0.6322015804686614_776
84.05395168728299,49.217438549502724,0.47767283364269825,79.0,0.0,3983.0,-0.14755500579855108_777
90.2498067220052,48.08337583892312,0.40471263020127807,86.0,0.0,4543.0,0.23117075943360987_778
51.820895724826386,49.89033844678577,1.3535366562063678,38.0,0.0,18466.0,1.6716458283906945_779
89.3392571343316,42.10514917663712,0.37042307593398754,82.0,73.0,3858.0,-0.002527625950015988_780
48.167690700954864,43.301890660282126,1.6699976996176304,37.0,0.0,10676.0,3.7188886531045346_781
88.02989366319444,53.48250731839377,0.47887615461797023,84.0,0.0,3590.0,-0.2939407407698549_782
87.66955227322049,59.32598070964521,0.7162244308433696,77.0,0.0,5429.0,-0.12560083372922515_783
44.72380574544271,48.18023357343303,1.8017762057747961,30.0,0.0,13580.0,3.465005563020547_784
67.77891710069444,37.40955688601008,0.15245122694213742,67.0,0.0,4864.0,-0.47357758218908996_785
53.00421820746528,44.42395359606305,1.4745374830629534,44.0,0.0,10162.0,2.8942333600979584_786
67.18532307942708,50.61670655529328,1.4186330223055865,55.0,48.0,3409.0,1.8477953805512186_787
102.14169311523438,55.595184910184415,0.43253106273906405,96.0,76.0,2616.0,-0.322984775282809_788
85.06090630425348,46.40357772951549,0.47366792280799536,82.0,0.0,5035.0,0.20167747191415053_789
86.61607530381944,49.43623365253266,0.4244431515374409,82.0,0.0,4876.0,-0.12832561845073398_790
66.41334025065105,42.49446671259805,0.8759580563281486,61.0,0.0,6666.0,1.4052039012249802_791
48.256744384765625,47.063191711752296,1.349163216017904,34.0,0.0,16472.0,1.7240444774367445_792
110.80220201280382,54.99837566558834,0.1590587256520029,108.0,72.0,2637.0,-0.6028233405214536_793
86.38140190972223,56.89996012014395,0.7466398234049646,75.0,0.0,4329.0,-0.04014609299519245_794
62.74525621202257,42.707502487450036,1.0896989187058825,56.0,0.0,6228.0,1.7633949739941395_795
90.29077826605902,40.20628699492104,0.03562103751586882,88.0,78.0,3246.0,-0.3874538261524778_796
88.62935384114583,40.82946930996361,0.292092935672825,85.0,66.0,2815.0,-0.3265305819510109_797
54.56757269965278,50.933572010700736,1.545825462154095,41.0,0.0,8746.0,2.388892187651507_798
65.8949957953559,47.70438709481149,1.0846994571125255,57.0,0.0,7972.0,1.2614002422012556_799
110.64284261067708,70.92346485423859,-0.04442689865677246,118.0,8.0,3795.0,-1.3481140073868538_800
102.28226386176215,74.99274646884358,0.3037392430942786,87.0,8.0,3196.0,-1.294654450080558_801
103.8047383626302,61.691303036294606,0.1454249039859472,100.0,2.0,21661.0,-0.5644807844684072_802
86.98312717013889,57.67674076355035,0.7355275555774011,81.0,81.0,2484.0,0.059693833607552094_803
85.49313354492188,56.75931099907052,0.5610543565547259,77.0,3.0,7896.0,-0.27084904799839293_804
99.45576307508681,57.60977191229959,0.5365554400629766,88.0,8.0,5931.0,-0.4238930541914159_805
121.43247816297743,65.12832638801679,0.17456675284792605,112.0,225.0,2946.0,-1.134469888732632_806
94.20349460177951,59.19076562171838,0.30756269423342986,81.0,145.0,2856.0,-1.037923998355665_807
80.43473646375868,72.75337575246367,0.6947619343036744,60.0,2.0,11020.0,-0.8609268285559115_808
92.8483378092448,63.49272757857394,0.3250484659535371,87.0,3.0,10771.0,-0.7201791384953196_809
49.19672987196181,57.210854171296795,0.8162671990020105,5.0,2.0,87929.0,-0.5044504457550434_810
123.9475606282552,61.138872448390075,-0.5446626483656545,140.0,145.0,3549.0,-0.5581570215105436_811
101.49420166015625,58.40850253764817,0.09783162361897689,99.0,0.0,3700.0,-0.8336776984597751_812
99.70222981770833,54.44163727778012,0.8516899664703184,84.0,69.0,3944.0,0.01985851695591112_813
120.9435323079427,64.67040854422632,0.15509074304935871,109.0,228.0,4338.0,-1.1516112338167044_814
97.10421752929688,63.65055853433531,0.5349814271313234,78.0,45.0,2784.0,-0.9819599353914588_815
104.56138441297743,72.32187227215825,0.10944454964633067,94.0,21.0,3588.0,-1.6417523167254033_816
61.671179877387154,58.91389577019618,1.1614419462448706,45.0,3.0,16070.0,0.7154391064755479_817
119.52659098307292,74.94429045949339,0.00029542641140935445,118.0,222.0,3282.0,-1.3605564412828208_818
82.85497368706598,59.05468477906078,0.7855657000710002,63.0,53.0,7214.0,-0.18628730297919116_819
98.42713080512152,53.86088488557995,-0.17159407168445218,112.0,118.0,4590.0,-0.8515208208957152_820
99.82416449652777,63.39621939671396,0.7345739018151434,84.0,224.0,5442.0,-0.5506586801828117_821
129.50208536783853,65.83361673974947,0.018289246563236418,121.0,226.0,4506.0,-1.2591241794185706_822
126.60356309678819,59.596427875743515,-0.004945723266589241,121.0,214.0,2888.0,-0.9539122653431176_823
98.67430284288194,67.45991311973229,0.31212602231168923,92.0,0.0,3807.0,-1.0678908989233629_824
75.51763576931424,67.27004408122319,0.9516815698643772,52.0,9.0,5471.0,-0.22162899951408566_825
104.11124335394965,67.98654040200225,0.5593810220251058,82.0,49.0,2842.0,-1.1011047141395793_826
120.28778076171875,73.09727901264014,-0.1557247861680572,135.0,190.0,3697.0,-1.58343659540715_827
111.58653428819444,52.30994132698397,0.16615567838613626,110.0,108.0,5469.0,-0.2516462936727084_828
97.2041998969184,66.97904344142674,0.23378721430293067,99.0,6.0,3798.0,-1.0461696403018161_829
94.57896253797743,49.518082530548696,0.1700341538805984,93.0,90.0,2730.0,-0.49736040629717193_830
116.40806749131944,74.03706392843687,-0.16735565565592972,130.0,200.0,3080.0,-1.532571433500986_831
86.80002170138889,70.56891171177286,0.5053289453648995,72.0,10.0,7204.0,-1.0537475058476324_832
109.41058688693576,60.38940045276443,-0.1843058664659865,115.0,5.0,3926.0,-0.8186260268940591_833
104.84306165907118,62.80652183103183,-0.04927791485098205,103.0,8.0,7711.0,-1.0565262307612877_834
130.93294949001736,63.758396452243076,-0.10020876690413298,124.0,219.0,3694.0,-0.9939408266738137_835
96.70674981011285,72.52253698714958,0.5173980460594245,75.0,3.0,2740.0,-1.1351672156395287_836
151.43285454644098,45.529589835293905,-0.4200490367902742,153.0,135.0,2620.0,-0.11428999814480223_837
129.9779018825955,66.45654057170037,-0.1767767725036213,129.0,217.0,2608.0,-1.1989823223747271_838
168.94287787543402,50.08771825231686,-1.660935977968474,185.0,190.0,6073.0,2.1131056262827697_839
117.07608371310764,68.16970539445492,-0.11114691876698587,121.0,3.0,3813.0,-1.0388221719455817_840
137.3078138563368,78.46557603797622,-0.22719737400300938,143.0,223.0,5824.0,-1.457624581829954_841
78.13853624131944,56.703530022276254,0.7713702575489073,58.0,14.0,6158.0,-0.38072984281366695_842
116.44404771592882,76.06952215104343,0.058195040099055004,113.0,204.0,3939.0,-1.6833835772241248_843
82.7653571234809,62.29912951817239,0.7471044080840549,71.0,8.0,9334.0,-0.21231673176838983_844
76.9080098470052,52.49482685091082,0.7823920046311688,67.0,0.0,3959.0,0.13080816837310927_845
114.07818603515625,50.438071479658454,-0.11990260612199266,118.0,124.0,3440.0,-0.21387178334272017_846
148.97059461805554,62.69121922743901,-0.5571197998490197,173.0,203.0,4062.0,-0.8695334551052838_847
78.97987196180556,58.12396096438113,1.0450287160755682,57.0,42.0,4033.0,0.18974246241037473_848
138.30987887912326,66.43473138453393,-0.45074776369971725,155.0,210.0,2994.0,-1.1107303611223827_849
104.97705756293402,62.24227136289942,0.5106473744484995,84.0,48.0,3022.0,-1.0489134233463835_850
92.62810940212674,70.46878550891697,0.7688839412688363,74.0,228.0,3450.0,-0.6621535865747061_851
122.63465372721355,76.9287858251665,-0.13206571775141163,140.0,18.0,7820.0,-1.5801420979082708_852
69.35971069335938,51.55036749000813,0.7548091261803145,56.0,19.0,15548.0,-0.40300434337977675_853
98.66784328884549,64.46834189912107,0.3249179195843647,90.0,17.0,6988.0,-1.1599322535939418_854
116.77603827582465,66.84299223657264,0.058710370531600296,113.0,223.0,3117.0,-0.980919390353324_855
73.80695936414931,54.93496916833987,0.8485007579949044,60.0,27.0,7543.0,-0.1939939526766743_856
103.0319586859809,73.48030306867604,0.02709883110196654,114.0,11.0,5560.0,-1.5448632520946326_857
124.2505866156684,56.754848320504045,-0.023170716962017945,125.0,202.0,3472.0,-1.3433062997020555_858
121.61120266384549,66.96964369805778,0.09151101778071187,118.0,223.0,2620.0,-1.292787421916563_859
106.69312201605902,60.958812404685936,0.021476288887536985,106.0,155.0,2134.0,-1.0855752713403264_860
97.51835801866319,60.62218128788152,0.3386889745921574,94.0,12.0,3112.0,-0.9342354503428711_861
108.17050170898438,57.17747959271584,0.21038914466347666,104.0,53.0,1940.0,-0.9153800794990414_862
87.15705702039931,53.8638043512766,0.6406450791691924,70.0,29.0,3825.0,-0.7140052990193215_863
110.22851223415799,63.890838227652495,0.12556637015990882,107.0,0.0,2366.0,-1.000838439672985_864
104.96594916449652,55.867975192090505,0.9375517186585126,79.0,76.0,6746.0,-0.7048974246103406_865
143.98387654622397,66.37543459680771,-0.15386632474371045,138.0,219.0,7110.0,-1.4108120077723492_866
139.02267456054688,54.77680937217102,0.09648732319237324,110.0,203.0,10959.0,-1.7782823193261912_867
100.97013346354167,69.17302890757529,0.190559428245926,107.0,23.0,5383.0,-1.2609190082383805_868
107.05702379014757,70.64096278510067,0.5482910566739972,80.0,216.0,4713.0,-1.2541988517788578_869
88.51119656032986,49.18034315781163,0.5883640150145694,83.0,28.0,4460.0,-0.3515797905497857_870
111.51667955186632,59.07802794211676,0.20479601633093167,104.0,209.0,3079.0,-1.067683451369957_871
119.42442830403645,62.6857128482091,0.4825583294849293,95.0,79.0,3975.0,-1.032342085544875_872
110.57801310221355,66.5329101292321,0.017304515218965442,112.0,14.0,7117.0,-1.2626926268642038_873
115.43164740668402,59.543877278510486,0.006150029051021078,117.0,138.0,2130.0,-1.0085273496907015_874
107.23981391059027,50.73383595124445,0.6177302302821284,98.0,94.0,3254.0,-0.18327654825557493_875
105.52179633246527,53.65376439063504,0.07352814691030436,106.0,170.0,3041.0,-0.5166204805869694_876
126.50067477756076,64.20510972653238,-0.0942605299060548,137.0,227.0,2650.0,-1.168694763901042_877
132.83218044704861,54.06439589902217,-0.17810290624363453,138.0,140.0,2257.0,-0.8428963789097259_878
142.96835666232639,65.1183382676025,-0.23940496822792334,141.0,224.0,4651.0,-1.093737892428582_879
104.88131035698785,62.90175083034121,0.261398488893374,102.0,20.0,3274.0,-1.0459463162717835_880
113.29273478190105,57.973448684187595,0.08406841509465138,111.0,150.0,2841.0,-0.8615826320008066_881
108.72061496310764,47.11611232620007,0.3246217516135594,106.0,122.0,3419.0,-0.19473452771659128_882
90.50841267903645,47.97489071574597,0.4360372285700791,87.0,74.0,2763.0,-0.04038620908419288_883
112.71237521701389,68.7923257030964,0.2556543302209785,105.0,227.0,2823.0,-1.2402721950427678_884
129.78925238715277,73.89946700943327,-0.23384165475212584,142.0,221.0,2933.0,-1.381089976789256_885
116.09549967447917,57.26176907952893,-0.03284778361627419,118.0,199.0,3540.0,-1.1461467807438583_886
95.05208672417535,65.75908185001371,0.4341986416495732,85.0,24.0,2779.0,-1.0575359568630953_887
92.03818088107639,39.88054784298705,0.4573463517489262,84.0,68.0,3836.0,-0.5350536214210435_888
110.42506239149306,53.544865031147374,0.09914961503454171,105.0,76.0,2545.0,-0.5148408336862316_889
98.46832275390625,72.22987366570625,0.5049792476074931,78.0,28.0,3478.0,-1.16088869328658_890
95.532958984375,57.5406734081926,0.3331016739970006,95.0,105.0,2563.0,-0.740384034004177_891
60.24065483940972,41.338536180950726,1.8835540918627085,55.0,17.0,9774.0,5.015788928448357_892
81.34649997287326,65.1031516901943,0.6701825057032493,73.0,4.0,4671.0,-0.4604788841430829_893
85.59032524956598,56.107878602987576,0.4104781001386549,82.0,4.0,4398.0,-0.621011198258806_894
108.99770779079861,52.67516958271951,-0.0002905062802093844,112.0,24.0,2855.0,-0.7509007450961511_895
95.57591078016493,64.57992605325853,0.26847955492649234,93.0,0.0,3512.0,-1.087698230707478_896
125.59074232313368,39.205116635446124,-0.31772457331975956,126.0,151.0,4183.0,0.01646854047382451_897
87.7003411187066,54.918325342090796,0.9735180388591904,73.0,60.0,3313.0,0.3363195975277429_898
133.561764187283,58.01219396814866,-0.11824907342491581,132.0,110.0,1820.0,-0.9963108597175694_899
105.17147488064236,66.87161684321347,0.2715236787288138,95.0,0.0,4350.0,-1.1264022517506154_900
99.33663601345486,67.32351067660477,0.15854295254206072,96.0,10.0,6721.0,-1.2354633074273045_901
76.69009738498264,68.1307312341076,0.5255979486609146,56.0,9.0,15328.0,-1.1401426407801327_902
105.77023654513889,80.6491135182041,0.08223485601797446,110.0,6.0,6754.0,-1.4824127064163057_903
93.41329277886285,79.65650853492757,0.7030995640155214,60.0,16.0,11797.0,-1.0924283388761886_904
92.5598856608073,69.57247661899308,0.3921110693714208,82.0,0.0,6983.0,-1.1203031448051721_905
89.34797498914931,66.87962695406252,0.4164268091689767,80.0,0.0,7052.0,-1.0211634258725153_906
91.50741238064236,68.37648227896545,0.6202664168273367,72.0,0.0,4806.0,-0.8858903499314255_907
75.30563015407986,63.49998260075133,0.8953348790265494,54.0,0.0,4545.0,-0.4340617966163429_908
106.5755377875434,69.50017386568753,0.08872580373701291,98.0,26.0,6995.0,-1.6082612041479791_909
106.75684271918402,67.95242238811399,0.2812520159232553,97.0,0.0,5214.0,-1.11557655733467_910
111.80923122829861,75.25007320945797,0.15107294140714325,105.0,218.0,3022.0,-1.4522273831423083_911
117.83901638454861,66.60313086552158,-0.12508677743628532,124.0,188.0,3045.0,-1.1790977119413333_912
159.9359605577257,66.62572230399002,-1.1743349084153232,191.0,207.0,5867.0,-0.044544188631287174_913
103.0622795952691,64.14260799285157,0.2755897072702286,97.0,0.0,4641.0,-0.9056017583928391_914
107.89953274197049,54.434138057531435,-0.10262519756959988,111.0,18.0,2048.0,-1.1098236203947283_915
86.2860107421875,61.817955156178456,0.9514458375635901,65.0,58.0,4919.0,-0.04775017565381745_916
93.44198608398438,53.0219082267611,0.32000333535023034,86.0,0.0,3467.0,-0.7402013577906512_917
68.24424913194444,67.88287119903536,0.7794004181509638,43.0,5.0,13059.0,-0.6397887055999929_918
113.49301486545139,66.17679766578443,-0.04392112341047109,117.0,0.0,4472.0,-1.158397521069218_919
110.65982055664062,68.74158682290127,0.09142350256939052,108.0,0.0,4078.0,-1.2922033052567574_920
73.50470648871527,62.929772782423804,0.8240446301927418,48.0,15.0,9317.0,-0.5115552927967362_921
91.24131944444444,65.5462520915935,0.4068107050291349,83.0,0.0,5024.0,-0.9640886466196048_922
82.1556633843316,69.1811145313885,0.6190027599562364,60.0,0.0,9310.0,-0.9179350313830361_923
68.53895399305556,61.024659402833414,0.9113866853730264,42.0,20.0,10221.0,-0.29182931846143845_924
66.1048821343316,66.12317978866399,0.9955461826198911,40.0,8.0,11661.0,-0.17940687073645512_925
122.72194417317708,69.3695607751567,-0.12051964141726082,127.0,0.0,3057.0,-1.3186508533138535_926
128.35286458333334,70.36718671694778,-0.23680031134015772,134.0,0.0,3782.0,-1.2251526730377524_927
54.07648722330729,62.19926839148694,1.2656962263250622,19.0,5.0,20773.0,0.4809662313607763_928
71.67467922634549,68.13271563622988,1.0119772145217436,40.0,14.0,9069.0,-0.28364015525303365_929
88.55563354492188,65.04722841474438,0.6660361122654341,72.0,0.0,4364.0,-0.653073726052821_930
83.08567640516493,72.82642891530807,0.5247431523779307,63.0,0.0,13637.0,-1.094126901953275_931
116.07356431749132,59.380745079732165,-0.050043786657315854,118.0,49.0,1982.0,-1.1149720919051531_932
107.42896864149306,67.61322351505576,0.03665142491839016,107.0,0.0,3899.0,-1.2573948023133459_933
92.97784423828125,69.47052921859854,0.38323370211840396,82.0,0.0,7117.0,-1.065280985066379_934
66.2123514811198,54.59993251128738,1.050715908671747,48.0,12.0,5766.0,0.2547938418241329_935
100.08258734809027,65.93926566982046,0.269969934806838,96.0,0.0,5288.0,-1.031327931568042_936
90.55153401692708,72.7652071593642,0.45384382832953846,74.0,0.0,10196.0,-1.086796824489149_937
121.09407891167535,63.50447011465867,-0.082661416023666,121.0,0.0,3911.0,-0.9978680281846937_938
90.89282904730902,67.46124819870683,0.3593354634955357,82.0,0.0,10719.0,-1.04386459340734_939
77.82487657335069,63.87309201107278,0.5914363089706842,62.0,0.0,6853.0,-0.8670141016615545_940
110.19195217556424,65.21956545498638,0.08519785305146842,105.0,0.0,2503.0,-1.3260579644659156_941
96.38351440429688,62.21393529819385,0.25086035059320944,92.0,0.0,3829.0,-1.0260100755696049_942
52.68986341688368,52.83906137368971,1.1368653475921535,33.0,4.0,13624.0,0.5095719760054838_943
106.59829372829861,69.44596221201812,0.04493005290903684,109.0,0.0,4849.0,-1.3572215422134597_944
106.63582017686632,66.42633590539364,0.13165173255147916,105.0,0.0,3538.0,-1.1177289568565207_945
94.74396091037326,74.69938600687298,0.31925452205263877,84.0,0.0,10238.0,-1.2479818408246763_946
136.29254828559027,66.87496425618328,-0.5616073427387955,152.0,203.0,3476.0,-0.9354078525596172_947
60.29332817925347,53.89685201871013,1.2345988821988156,40.0,27.0,5005.0,0.49326443317798097_948
66.70725843641493,64.96279112822405,0.9784316390501993,38.0,12.0,14430.0,-0.24650634682064432_949
61.001858181423614,60.880215768366746,1.0068473576642043,36.0,10.0,29769.0,-0.14353727456055987_950
55.494299994574654,61.29376023270884,1.3004923506748247,19.0,14.0,32499.0,0.47499724907072993_951
42.56337144639757,50.01050608653715,1.505810923607073,11.0,10.0,89131.0,1.301794194748262_952
50.13548787434896,60.14988375266292,1.529192783334004,24.0,7.0,14317.0,1.4184005600823335_953
66.60151841905382,69.79455593560915,0.9524896791205694,37.0,0.0,12422.0,-0.3680273155584124_954
81.68400065104167,75.62585736564618,0.5147311322770857,58.0,0.0,12535.0,-1.1743188058229614_955
82.45664469401042,67.84969562162223,0.5621900317191436,64.0,0.0,9128.0,-0.9027985219744643_956
122.20718722873264,64.8029225983099,-0.16831469379874436,129.0,0.0,2315.0,-1.1205282671767345_957
66.47813245985243,70.18134321638603,0.8017674372794754,29.0,0.0,13373.0,-0.7745618655746078_958
60.03644137912326,67.17261865246759,1.1277948991993065,27.0,7.0,19218.0,-0.023828358952491246_959
99.68590969509549,69.58711446522976,0.21381314077950347,93.0,0.0,4773.0,-1.2604740267311532_960
156.1663072374132,73.8896033273245,-0.8829938563836555,188.0,225.0,8814.0,-0.6818369378992943_961
106.68603854709201,71.05257175595798,0.08978589090656589,108.0,0.0,3898.0,-1.327535522429932_962
59.07923380533854,66.08420807610855,1.148113546607553,25.0,8.0,12886.0,0.08719290165954652_963
51.741299099392364,50.353583926911924,1.2155946628650025,32.0,11.0,13582.0,0.6127498121575843_964
77.5922139485677,67.87294673583813,0.5900172304909981,60.0,6.0,10756.0,-0.8924316647716592_965
78.72038438585069,62.87093696147593,0.7461809733141939,61.0,0.0,7703.0,-0.5139416356909581_966
104.37584431966145,68.89060122739585,0.14962668246929403,101.0,2.0,6676.0,-1.1810008433467156_967
95.75887722439236,58.86815380896244,0.6509046183608883,89.0,104.0,3410.0,-0.19066439959432735_968
80.23435465494792,82.76327384240116,0.6942903364232724,29.0,9.0,15775.0,-1.1912660758860372_969
49.091647677951386,60.08426307375962,1.4327551882330836,18.0,5.0,21794.0,1.0580702680806873_970
72.58572387695312,53.85993106184193,0.7028747166607417,60.0,13.0,4163.0,-0.44765107856255115_971
149.75547960069446,57.74663457623016,-0.9457623652778975,172.0,203.0,17546.0,-0.34583163672102835_972
91.73054673936632,75.2781696932049,0.3147726615538576,75.0,5.0,13284.0,-1.38805192105363_973
106.43602159288194,65.72163434475196,0.15730118403097326,103.0,0.0,3785.0,-1.1569951014118192_974
82.25561184353299,58.74949613927467,0.5780788043611238,70.0,24.0,3420.0,-0.7287849864066271_975
89.5563252766927,67.21051972567095,0.44622392716937387,76.0,0.0,6980.0,-1.0378462209332022_976
109.1369120279948,68.78314706821475,0.1155291989184151,107.0,0.0,2785.0,-1.227694544062886_977
73.63240898980035,59.092828847512735,0.8462914032623506,55.0,18.0,7631.0,-0.40632338471980844_978
65.66323513454861,59.54647775280449,0.7560607925260532,47.0,7.0,10742.0,-0.6039584162976577_979
94.50052218967014,61.15804252618323,0.26781979273688766,89.0,0.0,4367.0,-0.9841748036057711_980
70.1513671875,63.7623819655843,0.8844131281487884,49.0,0.0,10783.0,-0.2799418847583013_981
61.432169596354164,64.09863064594786,1.2646810083772753,35.0,8.0,10206.0,0.3902596814796446_982
46.28581407335069,55.70579273782409,1.3971083839807845,17.0,6.0,45815.0,0.9678681864791119_983
107.88588460286458,61.437200737571615,0.05946697679419416,110.0,48.0,2511.0,-1.1074911685163444_984
112.40102810329861,62.71013852066595,0.06182061963342959,109.0,52.0,2052.0,-1.2020770021247786_985
144.21646457248264,72.65392719868792,-0.5572744686395824,168.0,215.0,5405.0,-1.0942820745458017_986
100.62733968098958,50.95660282287704,-0.014036038197485006,105.0,16.0,2914.0,-0.7665297863915108_987
89.07666693793402,61.878046848223484,0.4310181269471468,78.0,0.0,4478.0,-0.9212267374065277_988
103.14522298177083,65.80342529796825,0.2082240246206056,98.0,0.0,5433.0,-1.083679443691071_989
86.44884575737848,60.67550439109059,0.36424504367434,80.0,0.0,7247.0,-0.8944034112600914_990
127.72922092013889,70.23706323322665,-0.25963090864473454,139.0,26.0,3025.0,-1.2703600847120329_991
122.41493394639757,71.22166981840746,-0.1269970159110839,127.0,0.0,5284.0,-1.2451038326417847_992
130.69969346788196,78.70454950755571,-0.2745746759621455,142.0,223.0,6206.0,-1.37825116693675_993
74.65940687391493,72.20892163807655,0.8128430618962523,44.0,2.0,14015.0,-0.6335732083837837_994
168.27081976996527,69.1197232355508,-0.8947179835337932,203.0,227.0,16023.0,-0.5690537022004865_995
123.82012261284723,72.28690278586423,-0.30578301626968346,139.0,0.0,3254.0,-1.3195848934893333_996
163.95002237955728,65.99419144729288,-0.8606502997070563,196.0,215.0,12107.0,-0.44485257079117746_997
66.03788926866319,65.19864510908519,0.9265213439007294,39.0,5.0,12108.0,-0.43138100769760257_998
109.80165269639757,63.86488853624587,-0.07810534531585701,117.0,203.0,2330.0,-1.3002573084364808_999
